
Alpha: 0.999
T_0: 1000.0

[170.19688672530506 163.45243810855 156.656798421574 150.1589456398468 144.02056857415064 137.90647987492054 131.6800590981148 125.64595188872082 120.00888268030678 114.50997228116923 108.88662342728811 103.33901129928725 98.17448262217228 93.26157003532352 88.26353708866223 83.23657320581327 78.52997606653562 74.16564226588082 69.79916914065903 65.33166836541754 61.08543597030648 57.23141004030358 53.48550800978937 49.6132847114033 45.84641214299542 42.471126093504424 39.319743003756166 36.068541174391804 32.812835694576705 29.897656094393806 27.304819152110323 24.685230451232634 21.97903263462449 19.521938917076934 17.448855846942802 15.454228770064748 13.334843938204003 11.35082726819819 9.763544046006789 8.371296955333245 6.867630973526977 5.38573493827554 4.261838436074979 3.437917256121456 2.5647704128201134 1.6223577144240258 0.9554001316935126 0.6610007449101256 0.4161461221256172 0.051523047288262014 -0.14770527030554248 0.051523047288262014 0.4161461221256172 0.6610007449101256 0.9554001316935126 1.6223577144240258 2.5647704128201134 3.437917256121456 4.261838436074979 5.38573493827554 6.867630973526977 8.371296955333245 9.763544046006789 11.35082726819819 13.334843938204003 15.454228770064748 17.448855846942802 19.521938917076934 21.97903263462449 24.685230451232634 27.304819152110323 29.897656094393806 32.812835694576705 36.068541174391804 39.319743003756166 42.471126093504424 45.84641214299542 49.6132847114033 53.48550800978937 57.23141004030358 61.08543597030648 65.33166836541754 69.79916914065903 74.16564226588082 78.52997606653562 83.23657320581327 88.26353708866223 93.26157003532352 98.17448262217228 103.33901129928725 108.88662342728811 114.50997228116923 120.00888268030678 125.64595188872082 131.6800590981148 137.90647987492054 144.02056857415064 150.1589456398468 156.656798421574 163.45243810855 170.19688672530506]
13256
0.7129062
[170.08708632602134 163.0724777755768 156.66682590415823 150.1455928494762 143.7567281481987 137.76198717487398 131.42487016184373 125.85825303767899 119.72152142135911 114.4039732810169 108.65318419410684 103.41742898154958 98.1792357128449 92.9561589473215 88.23290611530544 83.08724619205755 78.755758964144 73.85267570116055 69.727868315982 65.24765303118747 61.17810864660393 57.223080200875074 53.16924382816246 49.71091030271058 45.765515336307125 42.65928749981458 38.999467410406915 36.059325817408975 32.85514093389274 29.94969793512828 27.27631485663783 24.396664289127315 22.195539219358515 19.459855624072972 17.568966881397788 15.161479173728527 13.398996553925988 11.47485065816349 9.73303408526406 8.33817427093978 6.639011681034255 5.68645455468393 4.170307140300642 3.485060603385212 2.338179109994357 1.7476097543040194 1.1059530246935172 0.5289354801747806 0.4079601614858424 -0.10322907852791816 0.18344952226866457 -0.10322907852791816 0.4079601614858424 0.5289354801747806 1.1059530246935172 1.7476097543040194 2.338179109994357 3.485060603385212 4.170307140300642 5.68645455468393 6.639011681034255 8.33817427093978 9.73303408526406 11.47485065816349 13.398996553925988 15.161479173728527 17.568966881397788 19.459855624072972 22.195539219358515 24.396664289127315 27.27631485663783 29.94969793512828 32.85514093389274 36.059325817408975 38.999467410406915 42.65928749981458 45.765515336307125 49.71091030271058 53.16924382816246 57.223080200875074 61.17810864660393 65.24765303118747 69.727868315982 73.85267570116055 78.755758964144 83.08724619205755 88.23290611530544 92.9561589473215 98.1792357128449 103.41742898154958 108.65318419410684 114.4039732810169 119.72152142135911 125.85825303767899 131.42487016184373 137.76198717487398 143.7567281481987 150.1455928494762 156.66682590415823 163.0724777755768 170.08708632602134]
13779
0.2878541
[177.45869733834763 171.66658010864364 165.52921108186024 159.03509573578913 152.1916332550553 145.02483089638994 137.57830001633084 129.91157251841776 122.09780271082944 114.2209432909101 106.3725044738461 98.64802137394327 91.14336601093211 83.95104631053323 77.15663497057093 70.83546605189447 65.04972681672076 59.846057080064234 55.25374874762302 51.28361504446565 47.92757308626773 45.15895590725224 42.93354189952213 41.19126192381254 39.85851819103486 38.8510253975877 38.07706443666929 37.44102308077 36.847086952180724 36.202938297531624 35.42331978001169 34.433325714541816 33.17129369260728 31.591184969667815 29.6643617237243 27.380692576723106 24.748943701630633 21.796440417104623 18.568012333400134 15.124262770614974 11.539229255860254 7.897525412452674 4.2910745743297944 0.8155612197423385 -2.4332627885469806 -5.363274564345511 -7.889536467762267 -9.937574998980168 -11.446255739154578 -12.370143355535609 -12.681255566256706 -12.370143355535609 -11.446255739154578 -9.937574998980168 -7.889536467762267 -5.363274564345511 -2.4332627885469806 0.8155612197423385 4.2910745743297944 7.897525412452674 11.539229255860254 15.124262770614974 18.568012333400134 21.796440417104623 24.748943701630633 27.380692576723106 29.6643617237243 31.591184969667815 33.17129369260728 34.433325714541816 35.42331978001169 36.202938297531624 36.847086952180724 37.44102308077 38.07706443666929 38.8510253975877 39.85851819103486 41.19126192381254 42.93354189952213 45.15895590725224 47.92757308626773 51.28361504446565 55.25374874762302 59.846057080064234 65.04972681672076 70.83546605189447 77.15663497057093 83.95104631053323 91.14336601093211 98.64802137394327 106.3725044738461 114.2209432909101 122.09780271082944 129.91157251841776 137.57830001633084 145.02483089638994 152.1916332550553 159.03509573578913 165.52921108186024 171.66658010864364 177.45869733834763]
14955
0.1263538

Alpha: 0.999
T_0: 10000.0

[177.39942557818367 171.61454075914017 165.48496600705866 158.9989453819709 152.16361504886356 145.0047276366554 137.56565751891827 129.9057254382842 122.09790718749933 114.2260148514426 106.38145948726292 98.65972028714238 91.15665660554079 83.96480530232726 77.16980642035995 70.84709525904276 65.0589886156093 59.85227774077586 55.25642098308873 51.28240593276794 47.922325015798386 45.14968093134348 42.92041013467532 41.1745848326412 39.83872775050203 38.82865026012583 38.052704244178734 37.4153220900421 36.820708077879615 36.176538579561694 35.397528144816626 34.40872373119852 33.14839983518088 31.57044269723462 29.64613148875207 27.365247680807485 24.736469744357628 21.7870379362154 18.56170211875374 15.12099325477915 11.538885342704155 7.899938101939783 4.296030774957225 0.8228132059490627 -2.4239887235118305 -5.352270595829057 -7.877107076318634 -9.92403223338045 -11.431915854480525 -12.35532465756026 -12.666277193883143 -12.35532465756026 -11.431915854480525 -9.92403223338045 -7.877107076318634 -5.352270595829057 -2.4239887235118305 0.8228132059490627 4.296030774957225 7.899938101939783 11.538885342704155 15.12099325477915 18.56170211875374 21.7870379362154 24.736469744357628 27.365247680807485 29.64613148875207 31.57044269723462 33.14839983518088 34.40872373119852 35.397528144816626 36.176538579561694 36.820708077879615 37.4153220900421 38.052704244178734 38.82865026012583 39.83872775050203 41.1745848326412 42.92041013467532 45.14968093134348 47.922325015798386 51.28240593276794 55.25642098308873 59.85227774077586 65.0589886156093 70.84709525904276 77.16980642035995 83.96480530232726 91.15665660554079 98.65972028714238 106.38145948726292 114.2260148514426 122.09790718749933 129.9057254382842 137.56565751891827 145.0047276366554 152.16361504886356 158.9989453819709 165.48496600705866 171.61454075914017 177.39942557818367]
18081
0.1505027
[177.51147008796244 171.71152736083957 165.5664195064897 159.06489399312824 152.21457102573632 145.04164952826832 137.58989628497866 129.9189572438045 122.10205613868926 114.2231692265995 106.3737851497997 98.64937494011666 91.14570836699173 83.95515875904938 77.16313887365898 70.8448053332334 65.06215878387273 59.86165166395607 55.2723958843017 51.305039574943535 47.9513562379318 45.1845621583034 42.96034982634701 41.21859749744807 39.8856889280946 38.87735378324343 38.10191912088856 37.46384649869768 36.8674182269589 36.22043053772178 35.437751172646294 34.444604124115024 33.1794547908985 31.596384227759582 29.666860880907116 27.38084144881254 24.747158392704794 21.793179145102936 18.56375016543734 15.119466585366181 11.534334207607257 7.892914067876136 4.287059733852826 0.812373229340621 -2.435483671930903 -5.364480457916375 -7.889768781322357 -9.936956246216965 -11.444976762454703 -12.368446718246089 -12.67941606034669 -12.368446718246089 -11.444976762454703 -9.936956246216965 -7.889768781322357 -5.364480457916375 -2.435483671930903 0.812373229340621 4.287059733852826 7.892914067876136 11.534334207607257 15.119466585366181 18.56375016543734 21.793179145102936 24.747158392704794 27.38084144881254 29.666860880907116 31.596384227759582 33.1794547908985 34.444604124115024 35.437751172646294 36.22043053772178 36.8674182269589 37.46384649869768 38.10191912088856 38.87735378324343 39.8856889280946 41.21859749744807 42.96034982634701 45.1845621583034 47.9513562379318 51.305039574943535 55.2723958843017 59.86165166395607 65.06215878387273 70.8448053332334 77.16313887365898 83.95515875904938 91.14570836699173 98.64937494011666 106.3737851497997 114.2231692265995 122.10205613868926 129.9189572438045 137.58989628497866 145.04164952826832 152.21457102573632 159.06489399312824 165.5664195064897 171.71152736083957 177.51147008796244]
16862
0.1370786
[177.48192559900488 171.679259757378 165.5323983634514 159.0301712004355 152.18023756876718 145.0087907968823 137.55954772511816 129.89206214758153 122.07942727795545 114.20545587613857 106.36144682399154 98.64266289294711 91.1446555881577 83.95957885354395 77.17263385184553 70.85878197697872 65.07985290789021 59.88215927267762 55.29470994720278 51.328090917590565 47.974056881982435 45.20584934719669 42.97922894839656 41.23418216576813 39.897236594531215 38.88429544717887 38.10388193525682 37.46066836524968 36.859153799064124 36.20734839814673 35.420322312395285 34.42348220078513 33.155448978357065 31.570425768563577 29.639964707407756 27.3540644375864 24.72155595225972 21.769761902924476 18.543442515001963 15.103068776808424 11.522489520798128 7.886082399074104 4.285498666087558 0.8161273520093101 -2.4265847640744194 -5.350815408868068 -7.871909239255781 -9.915643772683477 -11.421092826746445 -12.342976998944202 -12.65341050711474 -12.342976998944202 -11.421092826746445 -9.915643772683477 -7.871909239255781 -5.350815408868068 -2.4265847640744194 0.8161273520093101 4.285498666087558 7.886082399074104 11.522489520798128 15.103068776808424 18.543442515001963 21.769761902924476 24.72155595225972 27.3540644375864 29.639964707407756 31.570425768563577 33.155448978357065 34.42348220078513 35.420322312395285 36.20734839814673 36.859153799064124 37.46066836524968 38.10388193525682 38.88429544717887 39.897236594531215 41.23418216576813 42.97922894839656 45.20584934719669 47.974056881982435 51.328090917590565 55.29470994720278 59.88215927267762 65.07985290789021 70.85878197697872 77.17263385184553 83.95957885354395 91.1446555881577 98.64266289294711 106.36144682399154 114.20545587613857 122.07942727795545 129.89206214758153 137.55954772511816 145.0087907968823 152.18023756876718 159.0301712004355 165.5323983634514 171.679259757378 177.48192559900488]
16572
0.1288355

Alpha: 0.999
T_0: 100000.0

[177.373855990682 171.59322195359942 165.46819302339821 158.9868473534784 152.15615680903775 145.00171757415654 137.56676111494505 129.91048371529934 122.1057591318763 114.2363227514081 106.39353605452311 98.67285640719354 91.17014858718908 83.9779805680828 77.18204669180774 70.85785643845743 65.06781673918128 59.85882057176558 55.2604350154849 51.283758778864424 47.92099334547505 45.14574430868276 42.91404125178339 41.16603676535642 39.8283189517631 38.81674806159622 38.03970765445628 37.401644659125175 36.806761545193 36.162717940617334 35.384198664592 34.396210307021505 33.13697897462062 31.5603372347854 29.637508025645133 27.35821660202369 24.731087551698046 21.783311541238298 18.559594668376633 15.120431017949368 11.539765169838843 7.902134979674226 4.299405035236896 0.8272170078607088 -2.418705942700891 -5.346257912134752 -7.870509224636788 -9.916988116436828 -11.424558325498086 -12.347781397299395 -12.658672427172244 -12.347781397299395 -11.424558325498086 -9.916988116436828 -7.870509224636788 -5.346257912134752 -2.418705942700891 0.8272170078607088 4.299405035236896 7.902134979674226 11.539765169838843 15.120431017949368 18.559594668376633 21.783311541238298 24.731087551698046 27.35821660202369 29.637508025645133 31.5603372347854 33.13697897462062 34.396210307021505 35.384198664592 36.162717940617334 36.806761545193 37.401644659125175 38.03970765445628 38.81674806159622 39.8283189517631 41.16603676535642 42.91404125178339 45.14574430868276 47.92099334547505 51.283758778864424 55.2604350154849 59.85882057176558 65.06781673918128 70.85785643845743 77.18204669180774 83.9779805680828 91.17014858718908 98.67285640719354 106.39353605452311 114.2363227514081 122.1057591318763 129.91048371529934 137.56676111494505 145.00171757415654 152.15615680903775 158.9868473534784 165.46819302339821 171.59322195359942 177.373855990682]
19085
0.1515301
[170.21735930836044 163.0950978007015 156.86550542303283 150.08299082321466 144.01426803514968 137.6513854550583 131.67996595474153 125.7799540878464 119.88565363127539 114.4443693560889 108.65539714496737 103.62234418822833 98.00829902821968 93.29916528907678 87.9537554474686 83.4713461886382 78.4891233026139 74.14749287043652 69.6003764616413 65.34616705927164 61.265588199082224 57.09127767595078 53.460375210942914 49.40614467860453 46.163951554274114 42.307709132932864 39.3642894261429 35.80232704769085 33.06110545261712 29.884191291057483 27.265931045459315 24.536773397911873 21.99924935821846 19.73692729298142 17.285409684466565 15.46063604858285 13.146581962410044 11.688974859487594 9.597252374575293 8.412809734586181 6.640626687010169 5.6350653040001175 4.267834314740652 3.369998685575783 2.4601307298364525 1.6396596967611456 1.1935513934370545 0.468416278133681 0.444861723406516 -0.12309563170726692 0.197325826750538 -0.12309563170726692 0.444861723406516 0.468416278133681 1.1935513934370545 1.6396596967611456 2.4601307298364525 3.369998685575783 4.267834314740652 5.6350653040001175 6.640626687010169 8.412809734586181 9.597252374575293 11.688974859487594 13.146581962410044 15.46063604858285 17.285409684466565 19.73692729298142 21.99924935821846 24.536773397911873 27.265931045459315 29.884191291057483 33.06110545261712 35.80232704769085 39.3642894261429 42.307709132932864 46.163951554274114 49.40614467860453 53.460375210942914 57.09127767595078 61.265588199082224 65.34616705927164 69.6003764616413 74.14749287043652 78.4891233026139 83.4713461886382 87.9537554474686 93.29916528907678 98.00829902821968 103.62234418822833 108.65539714496737 114.4443693560889 119.88565363127539 125.7799540878464 131.67996595474153 137.6513854550583 144.01426803514968 150.08299082321466 156.86550542303283 163.0950978007015 170.21735930836044]
17378
0.1535757
[177.42798260527445 171.63480115996708 165.49687047631056 159.00274893711838 152.15986495822338 144.9942302497419 137.54943575743522 129.88496904110113 122.07391803965527 114.2001498580399 106.35507347567152 98.6341113365392 91.13301601858966 83.94417415985758 77.15304031069422 70.83483836640862 65.0516579057343 59.850057517303895 55.25926762626676 51.29006219244436 47.934342832737364 45.16545142077602 42.93919909737745 41.19557197176521 39.861047673023556 38.85143333233201 38.075115449120005 37.43659619552464 36.84017965683512 36.193665718175396 35.41190901238787 34.420105552888465 33.1566801865849 31.575663410461054 29.64846580608964 27.36498159846381 24.733978741482147 21.782760472698907 18.556111401401616 15.114568811298943 11.53208590595422 7.8931771963127915 4.289656219062106 0.8170915107496537 -2.428882362053011 -5.356256321361384 -7.880198351606879 -9.926328037029695 -11.433587664658871 -12.356599067573727 -12.667415233696891 -12.356599067573727 -11.433587664658871 -9.926328037029695 -7.880198351606879 -5.356256321361384 -2.428882362053011 0.8170915107496537 4.289656219062106 7.8931771963127915 11.53208590595422 15.114568811298943 18.556111401401616 21.782760472698907 24.733978741482147 27.36498159846381 29.64846580608964 31.575663410461054 33.1566801865849 34.420105552888465 35.41190901238787 36.193665718175396 36.84017965683512 37.43659619552464 38.075115449120005 38.85143333233201 39.861047673023556 41.19557197176521 42.93919909737745 45.16545142077602 47.934342832737364 51.29006219244436 55.25926762626676 59.850057517303895 65.0516579057343 70.83483836640862 77.15304031069422 83.94417415985758 91.13301601858966 98.6341113365392 106.35507347567152 114.2001498580399 122.07391803965527 129.88496904110113 137.54943575743522 144.9942302497419 152.15986495822338 159.00274893711838 165.49687047631056 171.63480115996708 177.42798260527445]
20015
0.1603743

Alpha: 0.999
T_0: 1.0e6

[177.39389439030623 171.6042723805775 165.47055095385153 158.98113612719547 152.1432911389775 144.9828559866192 137.5432496424758 129.88379347622026 122.07742062306174 114.20785974798594 106.36640195211378 98.64837566357959 91.14946563130972 83.9620181598512 77.171475254692 70.85307536977237 65.0689481543249 59.8657153823145 55.272690702053374 51.30074772072658 47.94190013158672 45.16961009672047 42.93981297753167 41.19261884405824 39.854625061160064 38.84175065346562 38.062483003124086 37.421411512571254 36.82291178362302 36.17483805228257 35.392081299732936 34.39985564692482 33.13658613202328 31.556286362303364 29.630334229967936 27.348577124505937 24.719723964986365 21.771008914382776 18.547139761224617 15.108571575737036 11.529172301361294 7.893370422421177 4.292894847667158 0.823232895685586 -2.420056846704766 -5.345034418016435 -7.866928646260631 -9.911410497913327 -11.417463214767725 -12.339738411388483 -12.650307154951944 -12.339738411388483 -11.417463214767725 -9.911410497913327 -7.866928646260631 -5.345034418016435 -2.420056846704766 0.823232895685586 4.292894847667158 7.893370422421177 11.529172301361294 15.108571575737036 18.547139761224617 21.771008914382776 24.719723964986365 27.348577124505937 29.630334229967936 31.556286362303364 33.13658613202328 34.39985564692482 35.392081299732936 36.17483805228257 36.82291178362302 37.421411512571254 38.062483003124086 38.84175065346562 39.854625061160064 41.19261884405824 42.93981297753167 45.16961009672047 47.94190013158672 51.30074772072658 55.272690702053374 59.8657153823145 65.0689481543249 70.85307536977237 77.171475254692 83.9620181598512 91.14946563130972 98.64837566357959 106.36640195211378 114.20785974798594 122.07742062306174 129.88379347622026 137.5432496424758 144.9828559866192 152.1432911389775 158.98113612719547 165.47055095385153 171.6042723805775 177.39389439030623]
21991
0.2044002
[58.47419137951955 58.41238870659963 58.35183457252664 58.292528977300485 58.234471920921195 58.17766340338877 58.12210342470322 58.06779198486451 58.014729083872695 57.96291472172773 57.91234889842964 57.86303161397842 57.81496286837405 57.768142661616565 57.72257099370594 57.67824786464218 57.63517327442528 57.593347223055275 57.552769710532104 57.5134407368558 57.475360302026374 57.43852840604382 57.40294504890813 57.368610230619296 57.33552395117734 57.30368621058225 57.27309700883402 57.24375634593265 57.215664221878164 57.18882063667053 57.163225590309764 57.138879082795874 57.115781114128836 57.093931684308686 57.07333079333538 57.05397844120895 57.035874627929395 57.019019353496695 57.00341261791086 56.9890544211719 56.9759447632798 56.96408364423456 56.9534710640362 56.944107022684705 56.93599152018008 56.929124556522304 56.923506131711406 56.91913624574738 56.91601489863021 56.91414209035991 56.91351782093648 56.91414209035991 56.91601489863021 56.91913624574738 56.923506131711406 56.929124556522304 56.93599152018008 56.944107022684705 56.9534710640362 56.96408364423456 56.9759447632798 56.9890544211719 57.00341261791086 57.019019353496695 57.035874627929395 57.05397844120895 57.07333079333538 57.093931684308686 57.115781114128836 57.138879082795874 57.163225590309764 57.18882063667053 57.215664221878164 57.24375634593265 57.27309700883402 57.30368621058225 57.33552395117734 57.368610230619296 57.40294504890813 57.43852840604382 57.475360302026374 57.5134407368558 57.552769710532104 57.593347223055275 57.63517327442528 57.67824786464218 57.72257099370594 57.768142661616565 57.81496286837405 57.86303161397842 57.91234889842964 57.96291472172773 58.014729083872695 58.06779198486451 58.12210342470322 58.17766340338877 58.234471920921195 58.292528977300485 58.35183457252664 58.41238870659963 58.47419137951955]
24153
0.1989369
[177.43653038789853 171.6464189990358 165.511197358218 159.0193090237395 152.17809032966852 145.01348713826883 137.5690530994991 129.9042680937021 122.09224178053155 114.21689091737103 106.36969942803798 98.64618631156176 91.14221776143181 83.95030587989089 77.15603689003056 70.83476674823126 65.04871173564385 59.84454635774798 55.25160129431139 51.28073097492927 47.92389450173837 45.15446609941237 42.92826310632391 41.18525181728287 39.851865317215015 38.84384381677483 38.06948782779131 37.43319857713025 36.83916896749634 36.19508258144997 35.415677914151146 34.42604022393873 33.16449390602166 31.584983718037158 29.658852921013125 27.375949683756836 24.745019033602272 21.79336522077053 18.56579753204988 15.12290025478012 11.538693585811215 7.897775795194237 4.292056982356133 0.817210530813374 -2.431020733285096 -5.360521063708718 -7.886358279237544 -9.934062899400047 -11.442503327140207 -12.366246070847616 -12.677309880232444 -12.366246070847616 -11.442503327140207 -9.934062899400047 -7.886358279237544 -5.360521063708718 -2.431020733285096 0.817210530813374 4.292056982356133 7.897775795194237 11.538693585811215 15.12290025478012 18.56579753204988 21.79336522077053 24.745019033602272 27.375949683756836 29.658852921013125 31.584983718037158 33.16449390602166 34.42604022393873 35.415677914151146 36.19508258144997 36.83916896749634 37.43319857713025 38.06948782779131 38.84384381677483 39.851865317215015 41.18525181728287 42.92826310632391 45.15446609941237 47.92389450173837 51.28073097492927 55.25160129431139 59.84454635774798 65.04871173564385 70.83476674823126 77.15603689003056 83.95030587989089 91.14221776143181 98.64618631156176 106.36969942803798 114.21689091737103 122.09224178053155 129.9042680937021 137.5690530994991 145.01348713826883 152.17809032966852 159.0193090237395 165.511197358218 171.6464189990358 177.43653038789853]
21469
0.1863936

Alpha: 0.999
T_0: 1.0e7

[177.4055906264656 171.6142586130138 165.47898245021725 158.98820920531634 152.1492345051182 144.98792084538997 137.54769901700482 129.88789120466745 122.0814205048629 114.21199530055134 106.37087720642371 98.65335737717868 91.15507723170413 83.9683356532441 77.17852524782616 70.86083526016456 65.07734845037423 59.87464402365545 55.28199916595535 51.310258625906144 47.9514159894823 45.17892281473214 42.94871369061873 41.20090764154033 39.8621201847992 38.84829677042624 38.067958201748404 37.42573272814109 36.82603843272672 36.176773734785044 35.39287351329708 34.3995935465575 33.13539645272933 31.554327702620203 29.627789964727565 27.34564727351854 24.716616388030165 21.767930230088254 18.544286397091764 15.10612134821914 11.527276899245868 7.892149124685732 4.2924297506557 0.823565856177214 -2.418925423020201 -5.343144895650193 -7.864359623981396 -9.908274537557551 -11.41390103162357 -12.335911791134798 -12.646390918508015 -12.335911791134798 -11.41390103162357 -9.908274537557551 -7.864359623981396 -5.343144895650193 -2.418925423020201 0.823565856177214 4.2924297506557 7.892149124685732 11.527276899245868 15.10612134821914 18.544286397091764 21.767930230088254 24.716616388030165 27.34564727351854 29.627789964727565 31.554327702620203 33.13539645272933 34.3995935465575 35.39287351329708 36.176773734785044 36.82603843272672 37.42573272814109 38.067958201748404 38.84829677042624 39.8621201847992 41.20090764154033 42.94871369061873 45.17892281473214 47.9514159894823 51.310258625906144 55.28199916595535 59.87464402365545 65.07734845037423 70.86083526016456 77.17852524782616 83.9683356532441 91.15507723170413 98.65335737717868 106.37087720642371 114.21199530055134 122.0814205048629 129.88789120466745 137.54769901700482 144.98792084538997 152.1492345051182 158.98820920531634 165.47898245021725 171.6142586130138 177.4055906264656]
24792
0.208661
[177.45740479697392 171.6600206805062 165.51758704809833 159.01881997647365 152.1713049257572 145.00120404062514 137.55224663621783 129.88404182266368 122.0697783786745 114.19340062897358 106.34636929916398 98.62413233669375 91.12244187750484 83.93365947501327 77.14319216098511 70.82619685920135 65.04468031838104 59.845106468530034 55.256603525384925 51.289840025011664 47.93661315886525 45.17016529413165 42.94621646585813 41.204673000235694 39.871946338737196 38.8637925870054 38.088563219359386 37.450741504459984 36.854628192841716 36.20803424712633 35.42583812442149 34.43327034643976 33.16879861634914 31.586502154792857 29.657843637015528 27.372770357637886 24.740102132654034 21.78719097072233 18.558865645976336 15.115701897911881 11.531685005887724 7.891354932016457 4.286544192377909 0.8128343317038048 -2.434132265046347 -5.362342908741832 -7.886965083696294 -9.933619865180743 -11.44125196604228 -12.364485666439423 -12.675375718843457 -12.364485666439423 -11.44125196604228 -9.933619865180743 -7.886965083696294 -5.362342908741832 -2.434132265046347 0.8128343317038048 4.286544192377909 7.891354932016457 11.531685005887724 15.115701897911881 18.558865645976336 21.78719097072233 24.740102132654034 27.372770357637886 29.657843637015528 31.586502154792857 33.16879861634914 34.43327034643976 35.42583812442149 36.20803424712633 36.854628192841716 37.450741504459984 38.088563219359386 38.8637925870054 39.871946338737196 41.204673000235694 42.94621646585813 45.17016529413165 47.93661315886525 51.289840025011664 55.256603525384925 59.845106468530034 65.04468031838104 70.82619685920135 77.14319216098511 83.93365947501327 91.12244187750484 98.62413233669375 106.34636929916398 114.19340062897358 122.0697783786745 129.88404182266368 137.55224663621783 145.00120404062514 152.1713049257572 159.01881997647365 165.51758704809833 171.6600206805062 177.45740479697392]
24226
0.2016812
[177.4293640175221 171.65098776973383 165.52679254010152 159.04479036699715 152.2119464594944 145.053910044666 137.61402321874857 129.95164610260284 122.13986302154203 114.26265834834764 106.41167114182775 98.68265398956248 91.17177289387728 83.97189118243503 77.16898104226225 70.83880134429235 65.04397013540553 59.8315449240326 55.23120426300358 51.254100897717976 47.892430796802046 45.1197347189564 42.89192066271681 41.148967689170945 39.81724527775317 38.812358589540054 38.04240969012623 37.41154871044129 36.823677719988964 36.18616418578546 35.41342051986409 34.43021139288409 33.17456101116481 31.600148012846212 29.678095438539767 27.398086607626272 24.768763780013195 21.81739419808664 18.58881641381324 15.143707617488468 11.556238922783766 7.911209213609812 4.3007683079591015 0.8208560636869338 -2.4325049721122944 -5.366920109043148 -7.897192870096371 -9.948617191775506 -11.459864249002527 -12.385352350831536 -12.697008328407184 -12.385352350831536 -11.459864249002527 -9.948617191775506 -7.897192870096371 -5.366920109043148 -2.4325049721122944 0.8208560636869338 4.3007683079591015 7.911209213609812 11.556238922783766 15.143707617488468 18.58881641381324 21.81739419808664 24.768763780013195 27.398086607626272 29.678095438539767 31.600148012846212 33.17456101116481 34.43021139288409 35.41342051986409 36.18616418578546 36.823677719988964 37.41154871044129 38.04240969012623 38.812358589540054 39.81724527775317 41.148967689170945 42.89192066271681 45.1197347189564 47.892430796802046 51.254100897717976 55.23120426300358 59.8315449240326 65.04397013540553 70.83880134429235 77.16898104226225 83.97189118243503 91.17177289387728 98.68265398956248 106.41167114182775 114.26265834834764 122.13986302154203 129.95164610260284 137.61402321874857 145.053910044666 152.2119464594944 159.04479036699715 165.52679254010152 171.65098776973383 177.4293640175221]
23380
0.1869052

Alpha: 0.9999
T_0: 1000.0

[177.51985898414068 171.71925480718426 165.5743862052457 159.07393875119283 152.2254427161856 145.0549824712826 137.60618987345617 129.93856048193274 122.12515758316422 114.24979262796764 106.4037908893092 98.68246715667591 91.18144747205238 83.99297885461503 77.20236942414698 70.88469630142153 65.1019083299914 59.9004354272713 55.30939682178488 51.339477321891025 47.98251498161566 45.21181607582555 42.98318522959783 41.23663094847892 39.898680731871636 38.885216427932015 38.10472041142404 37.46180731249478 36.86090500432101 36.20994279786665 35.423904513774865 34.42810931573139 33.16109369583995 31.576983394079807 29.64726371787137 27.361879943859545 24.729625336680662 21.7778018107694 18.551166330518278 15.110203707922173 11.52879245169152 7.89135374425268 4.2895935697017595 0.8189637161676819 -2.4250217750029854 -5.350472562436777 -7.872668116839908 -9.917327145074582 -11.423474156862898 -12.345792551303646 -12.656373415986163 -12.345792551303646 -11.423474156862898 -9.917327145074582 -7.872668116839908 -5.350472562436777 -2.4250217750029854 0.8189637161676819 4.2895935697017595 7.89135374425268 11.52879245169152 15.110203707922173 18.551166330518278 21.7778018107694 24.729625336680662 27.361879943859545 29.64726371787137 31.576983394079807 33.16109369583995 34.42810931573139 35.423904513774865 36.20994279786665 36.86090500432101 37.46180731249478 38.10472041142404 38.885216427932015 39.898680731871636 41.23663094847892 42.98318522959783 45.21181607582555 47.98251498161566 51.339477321891025 55.30939682178488 59.9004354272713 65.1019083299914 70.88469630142153 77.20236942414698 83.99297885461503 91.18144747205238 98.68246715667591 106.4037908893092 114.24979262796764 122.12515758316422 129.93856048193274 137.60618987345617 145.0549824712826 152.2254427161856 159.07393875119283 165.5743862052457 171.71925480718426 177.51985898414068]
142113
1.1188568
[177.45388231964986 171.66216270342244 165.5242187254567 159.02862940622313 152.18289733877828 145.01315912066352 137.56317659278818 129.8926478190332 122.0749029956998 114.19407421879238 106.34184834399501 98.61392826532277 91.10633919160465 83.91172248315696 77.1157600905056 70.793867596646 65.00828349728971 59.80566706046195 55.21529747782119 51.24794381277803 47.89544936058869 45.13104646236216 42.9103896224917 41.17326705559613 39.84592460453173 38.84391233622257 38.07534394876047 37.44444319066535 36.85524041554728 36.21527660101667 35.43917187251237 34.45192080217574 33.191787298371324 31.612687355435426 29.68596769968367 27.401511683529264 24.768129744920458 21.81321936202083 18.58170762744827 15.134317254157063 11.54522293780792 7.899188529950469 4.288295514995406 0.8083890577729707 -2.4446212109278296 -5.37846289691792 -7.908062163353332 -9.958827217887013 -11.469527237616319 -12.394655617611438 -12.706186331721122 -12.394655617611438 -11.469527237616319 -9.958827217887013 -7.908062163353332 -5.37846289691792 -2.4446212109278296 0.8083890577729707 4.288295514995406 7.899188529950469 11.54522293780792 15.134317254157063 18.58170762744827 21.81321936202083 24.768129744920458 27.401511683529264 29.68596769968367 31.612687355435426 33.191787298371324 34.45192080217574 35.43917187251237 36.21527660101667 36.85524041554728 37.44444319066535 38.07534394876047 38.84391233622257 39.84592460453173 41.17326705559613 42.9103896224917 45.13104646236216 47.89544936058869 51.24794381277803 55.21529747782119 59.80566706046195 65.00828349728971 70.793867596646 77.1157600905056 83.91172248315696 91.10633919160465 98.61392826532277 106.34184834399501 114.19407421879238 122.0749029956998 129.8926478190332 137.56317659278818 145.01315912066352 152.18289733877828 159.02862940622313 165.5242187254567 171.66216270342244 177.45388231964986]
126944
0.9141772
[177.48416008898417 171.6745408839496 165.522980749197 159.0184119935397 152.16850513616222 144.9993730165408 137.5545634918973 129.89337957928052 122.08859184266834 114.22363126925913 106.38937092065491 98.6806205054843 91.1924690966129 84.01661707121544 77.2378387701998 70.93071232930843 65.15674282844121 59.96198973418143 55.37529015651843 51.40714645774027 48.049321123983866 45.27515452716894 43.04059331980929 41.2858897922162 39.93790663961404 38.912938232511515 38.11993956021788 37.4640382908226 36.850194469917625 36.186866685689104 35.38954327733436 34.38400237126894 33.10917498880628 31.519500781128926 29.586685519086487 27.30079254267693 24.67062606756214 21.72339156258277 18.503646299166842 15.07158055525962 11.500695776201438 7.874969257539043 4.285614722067847 0.8275637517633835 -2.40419619656111 -5.3182859311082185 -7.830459476037638 -9.866853858804445 -11.36683837323938 -12.285353408175581 -12.594648621293157 -12.285353408175581 -11.36683837323938 -9.866853858804445 -7.830459476037638 -5.3182859311082185 -2.40419619656111 0.8275637517633835 4.285614722067847 7.874969257539043 11.500695776201438 15.07158055525962 18.503646299166842 21.72339156258277 24.67062606756214 27.30079254267693 29.586685519086487 31.519500781128926 33.10917498880628 34.38400237126894 35.38954327733436 36.186866685689104 36.850194469917625 37.4640382908226 38.11993956021788 38.912938232511515 39.93790663961404 41.2858897922162 43.04059331980929 45.27515452716894 48.049321123983866 51.40714645774027 55.37529015651843 59.96198973418143 65.15674282844121 70.93071232930843 77.2378387701998 84.01661707121544 91.1924690966129 98.6806205054843 106.38937092065491 114.22363126925913 122.08859184266834 129.89337957928052 137.5545634918973 144.9993730165408 152.16850513616222 159.0184119935397 165.522980749197 171.6745408839496 177.48416008898417]
135764
1.0578211

Alpha: 0.9999
T_0: 10000.0

[56.25045940434713 56.28303085790801 56.314944302305996 56.34619973754117 56.37679716361346 56.40673658052295 56.4360179882696 56.46464138685335 56.49260677627429 56.51991415653237 56.546563527627626 56.57255488956002 56.59788824232956 56.62256358593628 56.646580920380146 56.66994024566116 56.692641561779325 56.71468486873464 56.73607016652714 56.75679745515677 56.77686673462356 56.796278004927494 56.815031266068594 56.833126518046846 56.85056376086226 56.867342994514814 56.88346421900453 56.89892743433139 56.913732640495425 56.9278798374966 56.94136902533493 56.95420020401042 56.96637337352307 56.97788853387286 56.98874568505981 56.99894482708392 57.008485959945176 57.01736908364359 57.02559419817916 57.03316130355188 57.04007039976176 57.04632148680879 57.05191456469297 57.056849633414316 57.06112669297281 57.06474574336846 57.06770678460126 57.07000981667123 57.07165483957834 57.07264185332261 57.07297085790403 57.07264185332261 57.07165483957834 57.07000981667123 57.06770678460126 57.06474574336846 57.06112669297281 57.056849633414316 57.05191456469297 57.04632148680879 57.04007039976176 57.03316130355188 57.02559419817916 57.01736908364359 57.008485959945176 56.99894482708392 56.98874568505981 56.97788853387286 56.96637337352307 56.95420020401042 56.94136902533493 56.9278798374966 56.913732640495425 56.89892743433139 56.88346421900453 56.867342994514814 56.85056376086226 56.833126518046846 56.815031266068594 56.796278004927494 56.77686673462356 56.75679745515677 56.73607016652714 56.71468486873464 56.692641561779325 56.66994024566116 56.646580920380146 56.62256358593628 56.59788824232956 56.57255488956002 56.546563527627626 56.51991415653237 56.49260677627429 56.46464138685335 56.4360179882696 56.40673658052295 56.37679716361346 56.34619973754117 56.314944302305996 56.28303085790801 56.25045940434713]
178934
1.361338
[177.29652923855517 171.50367434906227 165.367588017735 158.8768996742833 152.0390432286639 144.87997014022815 137.4431477543002 129.78788156821682 121.98702618313024 114.12417329303857 106.29042524859162 98.58087872716713 91.09095423218673 83.9127130931994 77.1313041219586 70.8216770750736 65.04568977530157 59.849720549645326 55.26287813859783 51.29587816936937 47.94062955870088 45.17054680903137 42.941576144176935 41.19389587815326 39.85422538708972 38.83865356338921 38.05587758084303 37.410726962101215 36.80783692808662 36.15532924703787 35.368358511179714 34.37238696356792 33.106061474571064 31.523581623776955 29.59646748501364 27.314658882407546 24.686903688735885 21.740420178779488 18.519846469968552 15.085517599417752 11.511136737912846 7.880930426447374 4.286397636138731 0.8227781300692406 -2.4146235604185207 -5.334116659308281 -7.851163187300732 -9.891640922624706 -11.394704338882184 -12.315133094686525 -12.62507742907509 -12.315133094686525 -11.394704338882184 -9.891640922624706 -7.851163187300732 -5.334116659308281 -2.4146235604185207 0.8227781300692406 4.286397636138731 7.880930426447374 11.511136737912846 15.085517599417752 18.519846469968552 21.740420178779488 24.686903688735885 27.314658882407546 29.59646748501364 31.523581623776955 33.106061474571064 34.37238696356792 35.368358511179714 36.15532924703787 36.80783692808662 37.410726962101215 38.05587758084303 38.83865356338921 39.85422538708972 41.19389587815326 42.941576144176935 45.17054680903137 47.94062955870088 51.29587816936937 55.26287813859783 59.849720549645326 65.04568977530157 70.8216770750736 77.1313041219586 83.9127130931994 91.09095423218673 98.58087872716713 106.29042524859162 114.12417329303857 121.98702618313024 129.78788156821682 137.4431477543002 144.87997014022815 152.0390432286639 158.8768996742833 165.367588017735 171.50367434906227 177.29652923855517]
145600
1.0814299
[177.49632526147553 171.68583787828499 165.5325726738741 159.02555039767563 152.17255417834497 144.99982935824792 137.55107131115858 129.8857402788012 122.07676821685577 114.2077460885757 106.36970008082525 98.65758107286675 91.16660274400006 83.98856954600532 77.20833615723494 70.90053496199229 65.12669776514264 59.93288274576739 55.347898169514565 51.38219136400815 48.027445805341465 45.256901854635494 43.026388774935945 41.27602822744342 39.93254354995454 38.91208575744802 38.12346727654281 37.47167870114256 36.861552942010036 36.20143545694673 35.40671901593872 34.40310667835102 33.12947714154307 31.540241955611425 29.607103695576008 27.32014728472339 24.68822238119061 21.738602080512173 18.5159310966801 15.080503986348962 11.505939818490324 7.876342968590527 4.283059534696076 0.821154467928834 -2.414254718932495 -5.331666269972877 -7.84672305875416 -9.885465919906792 -11.387185971148785 -12.306765922585406 -12.616420077948508 -12.306765922585406 -11.387185971148785 -9.885465919906792 -7.84672305875416 -5.331666269972877 -2.414254718932495 0.821154467928834 4.283059534696076 7.876342968590527 11.505939818490324 15.080503986348962 18.5159310966801 21.738602080512173 24.68822238119061 27.32014728472339 29.607103695576008 31.540241955611425 33.12947714154307 34.40310667835102 35.40671901593872 36.20143545694673 36.861552942010036 37.47167870114256 38.12346727654281 38.91208575744802 39.93254354995454 41.27602822744342 43.026388774935945 45.256901854635494 48.027445805341465 51.38219136400815 55.347898169514565 59.93288274576739 65.12669776514264 70.90053496199229 77.20833615723494 83.98856954600532 91.16660274400006 98.65758107286675 106.36970008082525 114.2077460885757 122.07676821685577 129.8857402788012 137.55107131115858 144.99982935824792 152.17255417834497 159.02555039767563 165.5325726738741 171.68583787828499 177.49632526147553]
150110
1.1686502

Alpha: 0.9999
T_0: 100000.0

[170.15736325469365 163.32944052134178 156.40235538496302 150.3319413999486 143.9985445478314 137.431481038453 131.7246104424023 125.88616254147513 119.69490643474393 114.33726673033887 108.99057513917955 103.19224804120127 98.17196708561404 93.31035613812905 87.92270390876566 83.23084332181583 78.84443176897945 73.88508700107262 69.51601364574012 65.59212532189075 61.07787452788951 57.0294946243838 53.553185270689944 49.499271232504285 45.773117376085814 42.727795726342535 39.14728400288793 35.74845146897664 33.11656878527153 30.01980470576312 26.95673968945452 24.72051909053314 22.114697800929704 19.398846391802756 17.54102166308402 15.429889094687638 13.0752215754727 11.57975475569916 9.963451943642475 7.985882183042878 6.838630104507987 5.713687326317675 4.130411396079555 3.3197134769441567 2.6791944547543607 1.507975958178346 1.0251388181127026 0.8589289914902859 0.1173608052341436 -0.042980436301447454 0.25224645238578164 -0.042980436301447454 0.1173608052341436 0.8589289914902859 1.0251388181127026 1.507975958178346 2.6791944547543607 3.3197134769441567 4.130411396079555 5.713687326317675 6.838630104507987 7.985882183042878 9.963451943642475 11.57975475569916 13.0752215754727 15.429889094687638 17.54102166308402 19.398846391802756 22.114697800929704 24.72051909053314 26.95673968945452 30.01980470576312 33.11656878527153 35.74845146897664 39.14728400288793 42.727795726342535 45.773117376085814 49.499271232504285 53.553185270689944 57.0294946243838 61.07787452788951 65.59212532189075 69.51601364574012 73.88508700107262 78.84443176897945 83.23084332181583 87.92270390876566 93.31035613812905 98.17196708561404 103.19224804120127 108.99057513917955 114.33726673033887 119.69490643474393 125.88616254147513 131.7246104424023 137.431481038453 143.9985445478314 150.3319413999486 156.40235538496302 163.32944052134178 170.15736325469365]
162651
1.2849283
[177.40665119322307 171.62092210906556 165.49032965830014 159.00315711976657 152.16658335754735 145.00640555600802 137.56604287061458 129.90485947596238 122.09587177887997 114.22292834953912 106.37747148850299 98.65500550554871 91.15140811408129 83.95922740371964 77.16410741095305 70.84148034094353 65.05365319471241 59.84740132322404 55.252161851091145 51.27889674416201 47.9196694320984 45.14795133776584 42.919646474548024 41.174794539182194 39.839886722566966 38.83070479638917 38.055573823210295 37.41890286256799 36.824876922514 36.18115756454294 35.40244923569747 34.41379358751915 33.153464547366674 31.57535232748078 29.650744295642074 27.369433925936878 24.74011499928406 21.790045828751794 18.563996478085073 15.122519634408235 11.539611918114034 7.899855955808478 4.295153596275245 0.8211764405164941 -2.4263292250779798 -5.355240380097034 -7.880615282246056 -9.92797412128526 -11.436175608047629 -12.359778397762264 -12.670796143843585 -12.359778397762264 -11.436175608047629 -9.92797412128526 -7.880615282246056 -5.355240380097034 -2.4263292250779798 0.8211764405164941 4.295153596275245 7.899855955808478 11.539611918114034 15.122519634408235 18.563996478085073 21.790045828751794 24.74011499928406 27.369433925936878 29.650744295642074 31.57535232748078 33.153464547366674 34.41379358751915 35.40244923569747 36.18115756454294 36.824876922514 37.41890286256799 38.055573823210295 38.83070479638917 39.839886722566966 41.174794539182194 42.919646474548024 45.14795133776584 47.9196694320984 51.27889674416201 55.252161851091145 59.84740132322404 65.05365319471241 70.84148034094353 77.16410741095305 83.95922740371964 91.15140811408129 98.65500550554871 106.37747148850299 114.22292834953912 122.09587177887997 129.90485947596238 137.56604287061458 145.00640555600802 152.16658335754735 159.00315711976657 165.49032965830014 171.62092210906556 177.40665119322307]
187754
1.4265359
[177.48376744031276 171.68349049348538 165.53803764795904 159.03621669645807 152.1857029289461 145.0127430268509 137.5611424899139 129.89057565973565 122.07428353749188 114.19624821271638 106.34795291010141 98.62485264971673 91.12269167859706 83.93380974455046 77.14357971223025 70.82711395527973 65.0463665890913 59.847743337026756 55.26031123969434 51.294677274838435 47.9425791497129 45.17720405289518 42.95422306821479 41.213501344280026 39.881418042499384 38.87370656239893 38.0987054708147 37.46089471692975 36.86458070934265 36.21758808810713 35.43481576681057 34.4415200552745 33.17619820350233 31.5929611220701 29.6633037416419 27.377204712731857 24.743513020293285 21.789606597885225 18.560336111819577 15.116294662996614 11.531480160046922 7.890440546919539 4.285012019831109 0.8107760699784378 -2.4366279638908 -5.365192574506685 -7.890091652411424 -9.936953000447703 -11.44472754578861 -12.368044557862163 -12.678962010069869 -12.368044557862163 -11.44472754578861 -9.936953000447703 -7.890091652411424 -5.365192574506685 -2.4366279638908 0.8107760699784378 4.285012019831109 7.890440546919539 11.531480160046922 15.116294662996614 18.560336111819577 21.789606597885225 24.743513020293285 27.377204712731857 29.6633037416419 31.5929611220701 33.17619820350233 34.4415200552745 35.43481576681057 36.21758808810713 36.86458070934265 37.46089471692975 38.0987054708147 38.87370656239893 39.881418042499384 41.213501344280026 42.95422306821479 45.17720405289518 47.9425791497129 51.294677274838435 55.26031123969434 59.847743337026756 65.0463665890913 70.82711395527973 77.14357971223025 83.93380974455046 91.12269167859706 98.62485264971673 106.34795291010141 114.19624821271638 122.07428353749188 129.89057565973565 137.5611424899139 145.0127430268509 152.1857029289461 159.03621669645807 165.53803764795904 171.68349049348538 177.48376744031276]
184937
1.4028781

Alpha: 0.9999
T_0: 1.0e6

[177.48008423519414 171.67260950591967 165.52039270965946 159.01251884123323 152.15690212990395 144.97998088771936 137.5256981185862 129.853807192917 122.03756791646353 114.16092182732021 106.31525563317443 98.59587758327056 91.09834263546902 83.91476811154774 77.13028189814035 70.819740141762 65.04484099513726 59.85174570030869 55.269298734095685 51.30791564168933 47.95918144096349 45.1961750817959 42.974507450197045 41.234032894433525 39.901168281346564 38.891730166344935 38.11418068304702 37.47315699994928 36.87314825758132 36.22217821311744 35.4353515997907 34.43812746248296 33.16919325871051 31.582828907181106 29.650669632521087 27.36279963556313 24.728134420206484 21.77407703526468 18.545461485838505 15.102824053277622 11.520069177246448 7.881619897046749 4.279162723795625 0.8081124524709605 -2.436066778892072 -5.361542332348616 -7.883653892355401 -9.928177742341179 -11.43418863380878 -12.356408901843842 -12.666954251461165 -12.356408901843842 -11.43418863380878 -9.928177742341179 -7.883653892355401 -5.361542332348616 -2.436066778892072 0.8081124524709605 4.279162723795625 7.881619897046749 11.520069177246448 15.102824053277622 18.545461485838505 21.77407703526468 24.728134420206484 27.36279963556313 29.650669632521087 31.582828907181106 33.16919325871051 34.43812746248296 35.4353515997907 36.22217821311744 36.87314825758132 37.47315699994928 38.11418068304702 38.891730166344935 39.901168281346564 41.234032894433525 42.974507450197045 45.1961750817959 47.95918144096349 51.30791564168933 55.269298734095685 59.85174570030869 65.04484099513726 70.819740141762 77.13028189814035 83.91476811154774 91.09834263546902 98.59587758327056 106.31525563317443 114.16092182732021 122.03756791646353 129.853807192917 137.5256981185862 144.97998088771936 152.15690212990395 159.01251884123323 165.52039270965946 171.67260950591967 177.48008423519414]
213251
1.6287536
[177.39097057912332 171.61169868620158 165.48698652616633 159.00491497148207 152.1724974636022 145.01540902978792 137.5769942595063 129.9165925696542 122.10724546634623 114.23287439046763 106.38503818633957 98.6593954804584 91.1520086526203 83.95563220761528 77.15612895589477 70.82915247257708 65.03722401836944 59.827316862414406 55.22904134385735 51.25350079668511 47.89286254253795 45.12066052738952 42.89281790862679 41.14935008243023 39.81668235023456 38.8104926750526 38.03896969011892 37.406360077883114 36.81666825714227 36.17736543000736 35.40296468125472 34.418323995003284 33.161549568559984 31.586387245862383 29.66400967130966 27.384130112057154 24.755399913647995 21.805074232003278 18.577958957184048 15.134679517344125 11.549338452300303 7.90665226260097 4.298678159782599 0.8212571884292822 -2.4296888503403693 -5.361863595522848 -7.890162244390674 -9.939959805350135 -11.449994435193938 -12.374734455125417 -12.686137589616516 -12.374734455125417 -11.449994435193938 -9.939959805350135 -7.890162244390674 -5.361863595522848 -2.4296888503403693 0.8212571884292822 4.298678159782599 7.90665226260097 11.549338452300303 15.134679517344125 18.577958957184048 21.805074232003278 24.755399913647995 27.384130112057154 29.66400967130966 31.586387245862383 33.161549568559984 34.418323995003284 35.40296468125472 36.17736543000736 36.81666825714227 37.406360077883114 38.03896969011892 38.8104926750526 39.81668235023456 41.14935008243023 42.89281790862679 45.12066052738952 47.89286254253795 51.25350079668511 55.22904134385735 59.827316862414406 65.03722401836944 70.82915247257708 77.15612895589477 83.95563220761528 91.1520086526203 98.6593954804584 106.38503818633957 114.23287439046763 122.10724546634623 129.9165925696542 137.5769942595063 145.01540902978792 152.1724974636022 159.00491497148207 165.48698652616633 171.61169868620158 177.39097057912332]
200100
1.529766
[177.46479454948732 171.67186474855873 165.53178665680164 159.03325192908784 152.18390120501343 145.01002929587196 137.55557060318858 129.88040391628883 122.05804199753304 114.17279510333915 106.31651788470634 98.58506518922476 91.07459351514952 83.87785082699891 77.08059788866613 70.75829919670504 64.97321119362573 59.771980111952 55.18384213619573 51.21949532879704 47.870686846947486 45.110531377346135 42.894548502135336 41.16237896941346 39.84011364626986 38.84314529202585 38.079433116398576 37.453054160220475 36.86790446887736 36.231407249530385 35.458084933514215 34.472857315791934 33.213938513951526 31.63522096754749 29.708054491698302 27.42235174029891 24.786977424849532 21.829406270829587 18.59466290938386 15.143584608378646 11.55047387528078 7.900231505494077 4.28508069750667 0.8010086340332013 -2.455937169626312 -5.393354845073942 -7.926053483601106 -9.979340215128516 -11.491902221847699 -12.418172484425304 -12.73008797890403 -12.418172484425304 -11.491902221847699 -9.979340215128516 -7.926053483601106 -5.393354845073942 -2.455937169626312 0.8010086340332013 4.28508069750667 7.900231505494077 11.55047387528078 15.143584608378646 18.59466290938386 21.829406270829587 24.786977424849532 27.42235174029891 29.708054491698302 31.63522096754749 33.213938513951526 34.472857315791934 35.458084933514215 36.231407249530385 36.86790446887736 37.453054160220475 38.079433116398576 38.84314529202585 39.84011364626986 41.16237896941346 42.894548502135336 45.110531377346135 47.870686846947486 51.21949532879704 55.18384213619573 59.771980111952 64.97321119362573 70.75829919670504 77.08059788866613 83.87785082699891 91.07459351514952 98.58506518922476 106.31651788470634 114.17279510333915 122.05804199753304 129.88040391628883 137.55557060318858 145.01002929587196 152.18390120501343 159.03325192908784 165.53178665680164 171.67186474855873 177.46479454948732]
206827
1.5763116

Alpha: 0.9999
T_0: 1.0e7

[177.39461425212463 171.61665687059167 165.49320950858927 159.01229488198004 152.1808748606513 145.02458144581772 137.58672629093186 129.92662704020438 122.11731515871683 114.24271382982771 106.39439497075853 98.66804068428706 91.15974588298356 83.96230496188525 77.16162601049311 70.83341112741354 65.04023111802412 59.82910761514775 55.2296960555652 51.25313972597251 47.891639160889675 45.11875353184418 42.890422381582916 41.14666822097854 39.813914196577436 38.807827268785964 38.03657703350352 37.40438425938037 36.8152220166129 36.176526377264715 35.40277329769103 34.418783463232366 33.16262738917322 31.588018517842197 29.66610183719916 27.386568904577047 24.75805618852087 21.807811335857934 18.580640260228375 15.137175738964826 11.551534423766316 7.908452803472175 4.30001279214093 0.8220834730142209 -2.4293835024340544 -5.362061706024346 -7.890817637486168 -9.94100047787511 -11.451326768174942 -12.37624854248486 -12.687713405738135 -12.37624854248486 -11.451326768174942 -9.94100047787511 -7.890817637486168 -5.362061706024346 -2.4293835024340544 0.8220834730142209 4.30001279214093 7.908452803472175 11.551534423766316 15.137175738964826 18.580640260228375 21.807811335857934 24.75805618852087 27.386568904577047 29.66610183719916 31.588018517842197 33.16262738917322 34.418783463232366 35.40277329769103 36.176526377264715 36.8152220166129 37.40438425938037 38.03657703350352 38.807827268785964 39.813914196577436 41.14666822097854 42.890422381582916 45.11875353184418 47.891639160889675 51.25313972597251 55.2296960555652 59.82910761514775 65.04023111802412 70.83341112741354 77.16162601049311 83.96230496188525 91.15974588298356 98.66804068428706 106.39439497075853 114.24271382982771 122.11731515871683 129.92662704020438 137.58672629093186 145.02458144581772 152.1808748606513 159.01229488198004 165.49320950858927 171.61665687059167 177.39461425212463]
229798
1.7636737
[177.4072255591847 171.6216448844813 165.49124914513334 159.0043102001966 152.16799464075584 145.00808699167703 137.56799382507464 129.90706725006274 122.09831253135637 114.22556837626821 106.38026879716173 98.6579116172059 91.15437001788992 83.96218958889365 77.16701390094755 70.84427665826499 65.05628819092303 59.84982881684413 55.25434202594127 51.28079727185506 47.92126629414126 45.14922933480223 42.920599422025354 41.17542515979943 39.84020625583886 38.830732354210696 38.05533552725768 37.41843080442521 36.824207990691825 36.180332183945424 35.40151006463682 34.41278421546482 33.15242823315408 31.57433081323151 29.649776726288433 27.368555898335863 24.739357758776194 21.789435624925456 18.5635540857023 15.122260040126376 11.539544169027783 7.899983161937537 4.2954730761135425 0.8216799965594135 -2.425654915318799 -5.354413272766387 -7.879657390787054 -9.926910869992213 -11.435035129826579 -12.358590789621028 -12.669592692859164 -12.358590789621028 -11.435035129826579 -9.926910869992213 -7.879657390787054 -5.354413272766387 -2.425654915318799 0.8216799965594135 4.2954730761135425 7.899983161937537 11.539544169027783 15.122260040126376 18.5635540857023 21.789435624925456 24.739357758776194 27.368555898335863 29.649776726288433 31.57433081323151 33.15242823315408 34.41278421546482 35.40151006463682 36.180332183945424 36.824207990691825 37.41843080442521 38.05533552725768 38.830732354210696 39.84020625583886 41.17542515979943 42.920599422025354 45.14922933480223 47.92126629414126 51.28079727185506 55.25434202594127 59.84982881684413 65.05628819092303 70.84427665826499 77.16701390094755 83.96218958889365 91.15437001788992 98.6579116172059 106.38026879716173 114.22556837626821 122.09831253135637 129.90706725006274 137.56799382507464 145.00808699167703 152.16799464075584 159.0043102001966 165.49124914513334 171.6216448844813 177.4072255591847]
231242
1.811953
[177.46052665720478 171.6862609572049 165.56425815606093 159.0824664848 152.24786412852234 145.08618956326674 137.64094692510312 129.97172484769268 122.1518937349717 114.26577045439771 106.40536001829113 98.66680016621464 91.1466462435413 83.93813994217555 77.12760609302663 70.7911167520606 64.99155149176582 59.77616749954966 55.17477338336265 51.19857725575397 47.83975361049584 45.07174572939701 42.850291933141854 41.11513601790179 39.79235578034512 38.7972196476636 38.03746102223772 37.41684380772695 36.838881331418264 36.2105649498908 35.445958250411984 34.46951795513573 33.21901319561518 31.647930346119 29.727270483904704 27.44667001598108 24.814801167053332 21.859036852368327 18.624392885958695 15.171788401418903 11.57569170888901 7.921242561346904 4.300962036359162 0.8111771759366581 -2.4517014502978656 -5.394905409813786 -7.932893326032162 -9.990656516768324 -11.506617609991048 -12.435010123586522 -12.747647053234564 -12.435010123586522 -11.506617609991048 -9.990656516768324 -7.932893326032162 -5.394905409813786 -2.4517014502978656 0.8111771759366581 4.300962036359162 7.921242561346904 11.57569170888901 15.171788401418903 18.624392885958695 21.859036852368327 24.814801167053332 27.44667001598108 29.727270483904704 31.647930346119 33.21901319561518 34.46951795513573 35.445958250411984 36.2105649498908 36.838881331418264 37.41684380772695 38.03746102223772 38.7972196476636 39.79235578034512 41.11513601790179 42.850291933141854 45.07174572939701 47.83975361049584 51.19857725575397 55.17477338336265 59.77616749954966 64.99155149176582 70.7911167520606 77.12760609302663 83.93813994217555 91.1466462435413 98.66680016621464 106.40536001829113 114.26577045439771 122.1518937349717 129.97172484769268 137.64094692510312 145.08618956326674 152.24786412852234 159.0824664848 165.56425815606093 171.6862609572049 177.46052665720478]
223259
1.6257706

Alpha: 0.99999
T_0: 1000.0

[177.27509365253155 171.49115448353564 165.3617837098699 158.8754507111762 152.03952267180003 144.8799801603096 137.4404141129979 129.78034294443665 121.97291475534932 114.10208334704579 106.25936706696709 98.54031561373083 91.04082120673137 83.85341653190872 77.06370238708858 70.74704294271638 64.96565620197453 59.7662119871181 55.17803018529892 51.21194881303192 47.859905599336244 45.095249241031155 42.873768313826226 41.135398116583715 39.806539553734886 38.802900531922326 38.03275017493611 37.40046022340872 36.81019689830582 36.16962069901488 35.39345129966943 34.406759916225504 33.14786203767369 31.570698843462875 29.6466153690489 27.36546677119738 24.736009983913334 21.785565644697638 18.558963342835707 15.116810910028837 11.533154569681365 7.892620278231352 4.287146620916303 0.8124353932846707 -2.4357431013782347 -5.365247399459661 -7.891122127925026 -9.938877826118514 -11.4473667162642 -12.371143399518417 -12.682219339575672 -12.371143399518417 -11.4473667162642 -9.938877826118514 -7.891122127925026 -5.365247399459661 -2.4357431013782347 0.8124353932846707 4.287146620916303 7.892620278231352 11.533154569681365 15.116810910028837 18.558963342835707 21.785565644697638 24.736009983913334 27.36546677119738 29.6466153690489 31.570698843462875 33.14786203767369 34.406759916225504 35.39345129966943 36.16962069901488 36.81019689830582 37.40046022340872 38.03275017493611 38.802900531922326 39.806539553734886 41.135398116583715 42.873768313826226 45.095249241031155 47.859905599336244 51.21194881303192 55.17803018529892 59.7662119871181 64.96565620197453 70.74704294271638 77.06370238708858 83.85341653190872 91.04082120673137 98.54031561373083 106.25936706696709 114.10208334704579 121.97291475534932 129.78034294443665 137.4404141129979 144.8799801603096 152.03952267180003 158.8754507111762 165.3617837098699 171.49115448353564 177.27509365253155]
1305721
9.1399925
[177.59731327629808 171.74225251834693 165.54444849376767 158.9946563071442 152.10225647974033 144.8948945161502 137.41741866392815 129.73015668204224 121.90659783114504 114.03056914985619 106.19301451857761 98.48850026603344 91.01158159050433 83.85316940739632 77.09703722346057 70.81660225672643 65.0721044816192 59.9082919917623 55.35270161668034 51.4146008573836 48.084631795577245 45.3351706585595 43.121389224496255 41.38297728419817 40.04645997752686 39.02802096230549 38.236722941031786 37.57800180006511 36.95730010416259 36.283700334836084 35.4734182690988 34.453022272126724 33.16225480564794 31.556347740169805 29.607742507997106 27.307149002991707 24.663902539952872 21.705605158112952 18.47706505112376 15.038574874622705 11.4635950845315 7.83593132140073 4.24651429496169 0.7899058980950256 -2.4393342024794893 -5.350281889956977 -7.859142230249451 -9.892469175851645 -11.389987628125011 -12.306909424179414 -12.615654259775795 -12.306909424179414 -11.389987628125011 -9.892469175851645 -7.859142230249451 -5.350281889956977 -2.4393342024794893 0.7899058980950256 4.24651429496169 7.83593132140073 11.4635950845315 15.038574874622705 18.47706505112376 21.705605158112952 24.663902539952872 27.307149002991707 29.607742507997106 31.556347740169805 33.16225480564794 34.453022272126724 35.4734182690988 36.283700334836084 36.95730010416259 37.57800180006511 38.236722941031786 39.02802096230549 40.04645997752686 41.38297728419817 43.121389224496255 45.3351706585595 48.084631795577245 51.4146008573836 55.35270161668034 59.9082919917623 65.0721044816192 70.81660225672643 77.09703722346057 83.85316940739632 91.01158159050433 98.48850026603344 106.19301451857761 114.03056914985619 121.90659783114504 129.73015668204224 137.41741866392815 144.8948945161502 152.10225647974033 158.9946563071442 165.54444849376767 171.74225251834693 177.59731327629808]
1175940
8.5190885
[177.49730454164757 171.71087298865524 165.58721570038267 159.1138458417009 152.29695451502982 145.16117116073013 137.74861038225467 130.11724208437704 122.33864800112534 114.49525143760265 106.67712743580056 98.97851681377993 91.49417898623231 84.31572471535226 77.52807071641952 71.20615332724951 65.41202842455947 60.192469822319666 55.57715909559068 51.57753688481203 48.18636013578171 45.377982410436374 43.10934642021068 41.321650370336535 39.94262362639218 38.889323633622084 38.07134584619291 37.394322440250114 36.76357440833853 36.087775696767885 35.28248758176795 34.273426501316045 32.99933887599875 31.414371661237467 29.48984688909329 27.215371523750317 24.599239678571493 21.66811162866203 18.465982041404786 15.052477354956538 11.50054819750967 7.893646151772448 4.322494126039579 0.8815753203044164 -2.3345233333464006 -5.234771744730791 -7.73521958761355 -9.762245230388334 -11.255404939761096 -12.169772091407431 -12.477675858745968 -12.169772091407431 -11.255404939761096 -9.762245230388334 -7.73521958761355 -5.234771744730791 -2.3345233333464006 0.8815753203044164 4.322494126039579 7.893646151772448 11.50054819750967 15.052477354956538 18.465982041404786 21.66811162866203 24.599239678571493 27.215371523750317 29.48984688909329 31.414371661237467 32.99933887599875 34.273426501316045 35.28248758176795 36.087775696767885 36.76357440833853 37.394322440250114 38.07134584619291 38.889323633622084 39.94262362639218 41.321650370336535 43.10934642021068 45.377982410436374 48.18636013578171 51.57753688481203 55.57715909559068 60.192469822319666 65.41202842455947 71.20615332724951 77.52807071641952 84.31572471535226 91.49417898623231 98.97851681377993 106.67712743580056 114.49525143760265 122.33864800112534 130.11724208437704 137.74861038225467 145.16117116073013 152.29695451502982 159.1138458417009 165.58721570038267 171.71087298865524 177.49730454164757]
1096996
7.6420504

Alpha: 0.99999
T_0: 10000.0

[177.2982951646056 171.55797062074708 165.47186242621208 159.02655549658974 152.22769660933244 145.09977554805664 137.68517593645376 130.04253254947264 122.24445876836039 114.37473225777525 106.52504794221176 98.79146412757281 91.27067950896834 84.05628535821208 77.23513814770307 70.8839931994512 65.06652983038161 59.8308832929194 55.20777916658524 51.20934250729332 47.82862790891725 45.03988869076661 42.799574777967884 41.0480205991781 39.711757582949964 38.706361625393676 37.93972516863535 37.315627071567384 36.73746191339633 36.11198419100618 35.35292229375987 34.384322186855684 33.14349120982316 31.5834278955681 29.67464363592365 27.406305590267912 24.78665654076126 21.84269542164919 18.61913090448878 15.176648595948553 11.58955900738644 7.942917455447457 4.329227519415601 0.8448558215348927 -2.41370291499573 -5.35356577301389 -7.889061563262885 -9.94505123679991 -11.45984009657468 -12.387568937787021 -12.699991442047597 -12.387568937787021 -11.45984009657468 -9.94505123679991 -7.889061563262885 -5.35356577301389 -2.41370291499573 0.8448558215348927 4.329227519415601 7.942917455447457 11.58955900738644 15.176648595948553 18.61913090448878 21.84269542164919 24.78665654076126 27.406305590267912 29.67464363592365 31.5834278955681 33.14349120982316 34.384322186855684 35.35292229375987 36.11198419100618 36.73746191339633 37.315627071567384 37.93972516863535 38.706361625393676 39.711757582949964 41.0480205991781 42.799574777967884 45.03988869076661 47.82862790891725 51.20934250729332 55.20777916658524 59.8308832929194 65.06652983038161 70.8839931994512 77.23513814770307 84.05628535821208 91.27067950896834 98.79146412757281 106.52504794221176 114.37473225777525 122.24445876836039 130.04253254947264 137.68517593645376 145.09977554805664 152.22769660933244 159.02655549658974 165.47186242621208 171.55797062074708 177.2982951646056]
1418576
10.1147398
[177.29499008254214 171.52065915901505 165.40192972565498 158.92673826603792 152.10192409137187 144.95296498988583 137.52299246984865 129.87112465671152 122.07018128178854 114.20386908379302 106.36354640599622 98.64469205143257 91.14321487123811 83.9517467336 77.15606215323656 70.83176296652363 65.0413562001158 59.83183807277881 55.232877515886265 51.25566942141868 47.89250194120432 45.117054562410694 42.885415437778306 41.137778649342394 39.80075580362261 38.7902126113987 38.01452081368835 37.37809976174324 36.785110763370085 36.14316140261406 35.366876656182825 34.38119877544015 33.12428838954133 31.54991469685657 29.629242360020076 27.351946038206155 24.726609478264855 21.780393739004186 18.557987372478152 15.119879139333976 11.54002002079795 7.902964893764716 4.3006043485165115 0.8286129693500873 -2.417248642692597 -5.344835171343931 -7.869178150187416 -9.915770130982922 -11.42344451674587 -12.346739749286147 -12.657656471829737 -12.346739749286147 -11.42344451674587 -9.915770130982922 -7.869178150187416 -5.344835171343931 -2.417248642692597 0.8286129693500873 4.3006043485165115 7.902964893764716 11.54002002079795 15.119879139333976 18.557987372478152 21.780393739004186 24.726609478264855 27.351946038206155 29.629242360020076 31.54991469685657 33.12428838954133 34.38119877544015 35.366876656182825 36.14316140261406 36.785110763370085 37.37809976174324 38.01452081368835 38.7902126113987 39.80075580362261 41.137778649342394 42.885415437778306 45.117054562410694 47.89250194120432 51.25566942141868 55.232877515886265 59.83183807277881 65.0413562001158 70.83176296652363 77.15606215323656 83.9517467336 91.14321487123811 98.64469205143257 106.36354640599622 114.20386908379302 122.07018128178854 129.87112465671152 137.52299246984865 144.95296498988583 152.10192409137187 158.92673826603792 165.40192972565498 171.52065915901505 177.29499008254214]
1507944
10.9200219
[177.7686626987033 171.88392384926016 165.6586709402106 159.08445482726597 152.17131092469893 144.94737423813493 137.45780008396588 129.7630318919481 121.93648254579504 114.06171820726803 106.22925264161167 98.53307504420694 91.0670445291917 83.92128962078083 77.1787508469168 70.91199907145766 65.18045161658708 60.02809296543174 55.4817874798657 51.550248862230255 48.22370588987494 45.474277247777955 43.25704107897983 41.51175822352285 40.1651830427077 39.13387318360142 38.32739049446928 37.6517703094858 37.01312601005689 36.32125059249391 35.49307708418244 34.45586506201941 33.149991033934114 31.53123564614899 29.572479974041148 27.264745826538313 24.61754015695999 21.658490368418825 18.43228450376887 14.99895697529159 11.431585594947816 7.8134882490214475 4.235026755035972 0.7901405076381114 -2.427257114338291 -5.326881342820285 -7.825539418931464 -9.850321936084516 -11.341399705167998 -12.254318851763708 -12.56170610356566 -12.254318851763708 -11.341399705167998 -9.850321936084516 -7.825539418931464 -5.326881342820285 -2.427257114338291 0.7901405076381114 4.235026755035972 7.8134882490214475 11.431585594947816 14.99895697529159 18.43228450376887 21.658490368418825 24.61754015695999 27.264745826538313 29.572479974041148 31.53123564614899 33.149991033934114 34.45586506201941 35.49307708418244 36.32125059249391 37.01312601005689 37.6517703094858 38.32739049446928 39.13387318360142 40.1651830427077 41.51175822352285 43.25704107897983 45.474277247777955 48.22370588987494 51.550248862230255 55.4817874798657 60.02809296543174 65.18045161658708 70.91199907145766 77.1787508469168 83.92128962078083 91.0670445291917 98.53307504420694 106.22925264161167 114.06171820726803 121.93648254579504 129.7630318919481 137.45780008396588 144.94737423813493 152.17131092469893 159.08445482726597 165.6586709402106 171.88392384926016 177.7686626987033]
1338567
9.6969444

Alpha: 0.99999
T_0: 100000.0

[177.54364279553118 171.73744011947898 165.58550937341695 159.0768614568753 152.2193806777169 145.03952072119134 137.58128455716252 129.90452762168513 122.08264970069564 114.19976452862974 106.34745623757556 98.62124773841651 91.1169172166018 83.92680478415315 77.13625170885024 70.82030952916521 65.0408459563976 59.84415916425868 55.25919246339933 51.296418204683555 47.947433949563866 45.18528648092541 42.96551115851541 41.22784654132939 39.898558156800796 38.8932818122453 38.1202768007769 37.483963559669434 36.88860935808667 36.24201989215649 35.459094434719624 34.46510744310216 33.1985900870243 31.613700577101724 29.681991891899525 27.39350873685956 24.757171435205134 21.800431947145658 18.568215281879997 15.121187122706035 11.533414469588978 7.889509505504259 4.281366826811016 0.8046198516595118 -2.445046945350111 -5.3755877676134585 -7.902144917958428 -9.950321036690331 -11.459047973385282 -12.382941664688442 -12.69405221078609 -12.382941664688442 -11.459047973385282 -9.950321036690331 -7.902144917958428 -5.3755877676134585 -2.445046945350111 0.8046198516595118 4.281366826811016 7.889509505504259 11.533414469588978 15.121187122706035 18.568215281879997 21.800431947145658 24.757171435205134 27.39350873685956 29.681991891899525 31.613700577101724 33.1985900870243 34.46510744310216 35.459094434719624 36.24201989215649 36.88860935808667 37.483963559669434 38.1202768007769 38.8932818122453 39.898558156800796 41.22784654132939 42.96551115851541 45.18528648092541 47.947433949563866 51.296418204683555 55.25919246339933 59.84415916425868 65.0408459563976 70.82030952916521 77.13625170885024 83.92680478415315 91.1169172166018 98.62124773841651 106.34745623757556 114.19976452862974 122.08264970069564 129.90452762168513 137.58128455716252 145.03952072119134 152.2193806777169 159.0768614568753 165.58550937341695 171.73744011947898 177.54364279553118]
1717503
12.4342297
[177.00933482185405 171.2326664955319 165.12124122681212 158.66273914673383 151.86339950869456 144.74777927259493 137.35780292337566 129.7511402852998 121.99897510356584 114.18325073107168 106.39349949266291 98.72337841183331 91.26704533694618 84.11551569149414 77.35314081396173 71.05434414977552 65.28074158492876 60.078757341790606 55.47782768625477 51.48926195009332 48.10580493875342 45.301917656688175 43.03476548825611 41.24587559754286 39.86339941804352 38.80489269063744 37.980505479512814 37.29645873665404 36.658672895544996 35.976408091988695 35.165775163512336 34.15298157277345 32.877186663074006 31.2928557662712 29.371522076356083 27.102888115620253 24.49522417519566 21.57504831238232 18.386100287574475 14.987649140916071 11.452199895260158 7.862688118185686 4.30927089574012 0.885838383413737 -2.3136190867971878 -5.19864777460247 -7.6858304591516715 -9.702014102184064 -11.187140359293512 -12.096569417804801 -12.402807245583963 -12.096569417804801 -11.187140359293512 -9.702014102184064 -7.6858304591516715 -5.19864777460247 -2.3136190867971878 0.885838383413737 4.30927089574012 7.862688118185686 11.452199895260158 14.987649140916071 18.386100287574475 21.57504831238232 24.49522417519566 27.102888115620253 29.371522076356083 31.2928557662712 32.877186663074006 34.15298157277345 35.165775163512336 35.976408091988695 36.658672895544996 37.29645873665404 37.980505479512814 38.80489269063744 39.86339941804352 41.24587559754286 43.03476548825611 45.301917656688175 48.10580493875342 51.48926195009332 55.47782768625477 60.078757341790606 65.28074158492876 71.05434414977552 77.35314081396173 84.11551569149414 91.26704533694618 98.72337841183331 106.39349949266291 114.18325073107168 121.99897510356584 129.7511402852998 137.35780292337566 144.74777927259493 151.86339950869456 158.66273914673383 165.12124122681212 171.2326664955319 177.00933482185405]
1584649
11.6000744
[56.864514110065564 56.87080547080214 56.876969733342015 56.883006897685206 56.88891696383151 56.89469993178148 56.900355801534566 56.905884573090795 56.91128624645048 56.91656082161347 56.921708298579766 56.92672867734937 56.93162195792226 56.936388140298455 56.94102722447789 56.94553921046068 56.9499240982468 56.95418188783613 56.958312579228895 56.962316172424835 56.96619266742415 56.96994206422676 56.97356436283262 56.97705956324187 56.98042766545434 56.983668669470156 56.986782575289276 56.98976938291164 56.9926290923374 56.99536170356639 56.9979672165987 57.00044563143433 57.00279694807324 57.00502116651546 57.007118286760985 57.009088308809794 57.010931232661925 57.012647058317356 57.01423578577608 57.01569741503812 57.017031946103444 57.018239378972076 57.019319713644016 57.02027295011924 57.02109908839779 57.02179812847963 57.022370070364765 57.022814914053214 57.02313265954495 57.02332330684001 57.023386855938355 57.02332330684001 57.02313265954495 57.022814914053214 57.022370070364765 57.02179812847963 57.02109908839779 57.02027295011924 57.019319713644016 57.018239378972076 57.017031946103444 57.01569741503812 57.01423578577608 57.012647058317356 57.010931232661925 57.009088308809794 57.007118286760985 57.00502116651546 57.00279694807324 57.00044563143433 56.9979672165987 56.99536170356639 56.9926290923374 56.98976938291164 56.986782575289276 56.983668669470156 56.98042766545434 56.97705956324187 56.97356436283262 56.96994206422676 56.96619266742415 56.962316172424835 56.958312579228895 56.95418188783613 56.9499240982468 56.94553921046068 56.94102722447789 56.936388140298455 56.93162195792226 56.92672867734937 56.921708298579766 56.91656082161347 56.91128624645048 56.905884573090795 56.900355801534566 56.89469993178148 56.88891696383151 56.883006897685206 56.876969733342015 56.87080547080214 56.864514110065564]
2209086
15.8314523

Alpha: 0.99999
T_0: 1.0e6

[177.76541014991795 171.92376949967513 165.73389074798504 159.18614943366626 152.28978454825526 145.07254334348258 137.57961455561974 129.8718910889267 122.02362896229286 114.11959242223371 106.25179518498355 98.51596283671475 91.00785260808445 83.81957192975574 77.03603724187187 70.73170936062421 64.96773074084467 59.78957482189959 55.22529775676208 51.28445977154755 47.957757617320446 45.217382241452185 43.018087925065835 41.29893178903068 39.98561681042423 38.99334820395976 38.23009344029766 37.60012051832383 37.00767843856495 36.36067844780677 35.574234455579315 34.57392654404733 33.29866210829292 31.703024612705143 29.759019659301845 27.457151259279637 24.806786911674454 21.835797466014267 18.58948559918004 15.128844123152788 11.528211064462758 7.872411679511935 4.253497280080733 0.76720624289276 -2.490716721283962 -5.428201560213112 -7.960392579238086 -10.012910791453365 -11.524713475190001 -12.450441012055206 -12.762160773217786 -12.450441012055206 -11.524713475190001 -10.012910791453365 -7.960392579238086 -5.428201560213112 -2.490716721283962 0.76720624289276 4.253497280080733 7.872411679511935 11.528211064462758 15.128844123152788 18.58948559918004 21.835797466014267 24.806786911674454 27.457151259279637 29.759019659301845 31.703024612705143 33.29866210829292 34.57392654404733 35.574234455579315 36.36067844780677 37.00767843856495 37.60012051832383 38.23009344029766 38.99334820395976 39.98561681042423 41.29893178903068 43.018087925065835 45.217382241452185 47.957757617320446 51.28445977154755 55.22529775676208 59.78957482189959 64.96773074084467 70.73170936062421 77.03603724187187 83.81957192975574 91.00785260808445 98.51596283671475 106.25179518498355 114.11959242223371 122.02362896229286 129.8718910889267 137.57961455561974 145.07254334348258 152.28978454825526 159.18614943366626 165.73389074798504 171.92376949967513 177.76541014991795]
1913954
15.8260171
[57.1787008413736 57.17191254344682 57.165261382851654 57.1587473595885 57.15237047365713 57.14613072505769 57.14002811379011 57.134062639854235 57.12823430325036 57.12254310397827 57.11698904203813 57.111572117429745 57.10629233015331 57.101149680208714 57.09614416759591 57.091275792314974 57.086544554365894 57.08195045374871 57.07749349046341 57.07317366450991 57.068990975888255 57.0649454245985 57.06103701064056 57.057265734014535 57.0536315947203 57.05013459275795 57.04677472812746 57.043552000828825 57.040466410862074 57.037517958227134 57.03470664292407 57.03203246495287 57.02949542431352 57.02709552100601 57.024832755030396 57.02270712638661 57.02071863507468 57.01886728109462 57.01715306444641 57.015575985130056 57.014136043145555 57.01283323849292 57.01166757117214 57.01063904118321 57.00974764852615 57.00899339320093 57.008376275207574 57.00789629454607 57.007553451216445 57.00734774521866 57.00727917655272 57.00734774521866 57.007553451216445 57.00789629454607 57.008376275207574 57.00899339320093 57.00974764852615 57.01063904118321 57.01166757117214 57.01283323849292 57.014136043145555 57.015575985130056 57.01715306444641 57.01886728109462 57.02071863507468 57.02270712638661 57.024832755030396 57.02709552100601 57.02949542431352 57.03203246495287 57.03470664292407 57.037517958227134 57.040466410862074 57.043552000828825 57.04677472812746 57.05013459275795 57.0536315947203 57.057265734014535 57.06103701064056 57.0649454245985 57.068990975888255 57.07317366450991 57.07749349046341 57.08195045374871 57.086544554365894 57.091275792314974 57.09614416759591 57.101149680208714 57.10629233015331 57.111572117429745 57.11698904203813 57.12254310397827 57.12823430325036 57.134062639854235 57.14002811379011 57.14613072505769 57.15237047365713 57.1587473595885 57.165261382851654 57.17191254344682 57.1787008413736]
2392176
17.5775483
[177.38174606792938 171.60324482218982 165.47461249394058 158.9843114399298 152.13987891455926 144.96763614800622 137.5116724024528 129.83214322034195 122.00294854892527 114.10888035843011 106.24234985359078 98.4998205963932 90.97808521870397 83.77052943215152 76.96352753802648 70.6331085634353 64.84202170220348 59.63731432952665 55.04851607334305 51.086499033471135 47.743058141740214 44.99122786011274 42.786322993125424 41.067663441327255 39.76091632436801 38.78096507167332 38.03519474132706 37.42706675980385 36.85984510551616 36.24033011387384 35.48245578559956 34.51061175162902 33.26256167244958 31.69184542853077 29.76957238199993 27.485536493930674 24.848610255685312 21.886402229671255 18.644191417442062 15.183179586698827 11.578129012985146 7.91447681509956 4.2850372638019 0.7864193484192163 -2.484702124615251 -5.435317973834493 -7.97967459925077 -10.042583888976207 -11.562325320414487 -12.493028241219864 -12.806442378889582 -12.493028241219864 -11.562325320414487 -10.042583888976207 -7.97967459925077 -5.435317973834493 -2.484702124615251 0.7864193484192163 4.2850372638019 7.91447681509956 11.578129012985146 15.183179586698827 18.644191417442062 21.886402229671255 24.848610255685312 27.485536493930674 29.76957238199993 31.69184542853077 33.26256167244958 34.51061175162902 35.48245578559956 36.24033011387384 36.85984510551616 37.42706675980385 38.03519474132706 38.78096507167332 39.76091632436801 41.067663441327255 42.786322993125424 44.99122786011274 47.743058141740214 51.086499033471135 55.04851607334305 59.63731432952665 64.84202170220348 70.6331085634353 76.96352753802648 83.77052943215152 90.97808521870397 98.4998205963932 106.24234985359078 114.10888035843011 122.00294854892527 129.83214322034195 137.5116724024528 144.96763614800622 152.13987891455926 158.9843114399298 165.47461249394058 171.60324482218982 177.38174606792938]
1901199
13.7576515

Alpha: 0.99999
T_0: 1.0e7

[177.14123047114944 171.3789455099268 165.27390262194496 158.81363144548047 152.00453184906783 144.8716263321079 137.45759194953484 129.82110921319637 122.0345918455887 114.1813852265019 106.35254190445035 98.64329894148467 91.14939335780082 83.9633582391662 77.17094279828602 70.84779488920931 65.05653432852607 59.84433024626689 55.2410761970255 51.25823363123046 47.8883884723946 45.10553795456861 42.866096622757766 41.11058257650377 39.76591871704213 38.748259971188816 37.96623710615881 37.324491642160204 36.727365100998924 36.082599861176554 35.30490844159489 34.31927312038102 33.06384823677481 31.492352888782374 29.575861459011037 27.303922694587552 24.684964047777317 21.745965632601205 18.53141641293726 15.101593003362359 11.530227675951041 7.901655789153133 4.307553004627471 0.8433885199121693 -2.395268464867104 -5.316446147510054 -7.835328348564131 -9.877535897562293 -11.382004230239321 -12.30334586692261 -12.613606373214537 -12.30334586692261 -11.382004230239321 -9.877535897562293 -7.835328348564131 -5.316446147510054 -2.395268464867104 0.8433885199121693 4.307553004627471 7.901655789153133 11.530227675951041 15.101593003362359 18.53141641293726 21.745965632601205 24.684964047777317 27.303922694587552 29.575861459011037 31.492352888782374 33.06384823677481 34.31927312038102 35.30490844159489 36.082599861176554 36.727365100998924 37.324491642160204 37.96623710615881 38.748259971188816 39.76591871704213 41.11058257650377 42.866096622757766 45.10553795456861 47.8883884723946 51.25823363123046 55.2410761970255 59.84433024626689 65.05653432852607 70.84779488920931 77.17094279828602 83.9633582391662 91.14939335780082 98.64329894148467 106.35254190445035 114.1813852265019 122.0345918455887 129.82110921319637 137.45759194953484 144.8716263321079 152.00453184906783 158.81363144548047 165.27390262194496 171.3789455099268 177.14123047114944]
2136084
15.5620561
[177.5437312793038 171.7174407791952 165.5463504344145 159.02025053724302 152.14770824977774 144.95573777157375 137.48876030555454 129.8068938601464 121.98363873149033 114.1030477753428 106.25649040614336 98.53913491575281 91.04628453456941 83.86970829756322 77.09410797780819 70.7938571024955 65.0301376058998 59.848584350556585 55.277528204696615 51.32690531639767 47.98787457573112 45.23315799411062 43.01809089474305 41.28234148360604 39.95223359747549 38.94358320426948 38.16493945270608 37.52110548951347 36.9168034983839 36.2603428537657 35.46715017125081 34.463025346190065 33.18699822562026 31.593675932815987 29.65499047364702 27.36127934220522 24.721657523063925 21.76366656835346 18.532214259924572 15.087845678859217 11.504412246338848 7.8662284754252925 4.264825898768745 0.7954291442083775 -2.4467101726246026 -5.369980594285962 -7.889937823121555 -9.932555790378762 -11.437076627975053 -12.358349820138587 -12.66857047887522 -12.358349820138587 -11.437076627975053 -9.932555790378762 -7.889937823121555 -5.369980594285962 -2.4467101726246026 0.7954291442083775 4.264825898768745 7.8662284754252925 11.504412246338848 15.087845678859217 18.532214259924572 21.76366656835346 24.721657523063925 27.36127934220522 29.65499047364702 31.593675932815987 33.18699822562026 34.463025346190065 35.46715017125081 36.2603428537657 36.9168034983839 37.52110548951347 38.16493945270608 38.94358320426948 39.95223359747549 41.28234148360604 43.01809089474305 45.23315799411062 47.98787457573112 51.32690531639767 55.277528204696615 59.848584350556585 65.0301376058998 70.7938571024955 77.09410797780819 83.86970829756322 91.04628453456941 98.53913491575281 106.25649040614336 114.1030477753428 121.98363873149033 129.8068938601464 137.48876030555454 144.95573777157375 152.14770824977774 159.02025053724302 165.5463504344145 171.7174407791952 177.5437312793038]
2212167
16.1787278
[176.98720726718827 171.25997951782995 165.1858719743401 158.7515087394623 151.96260391594993 144.84374017013678 137.4374160888819 129.80239924713769 122.01144881116394 114.14849592815742 106.30539117520021 98.5783451060562 91.06419984109952 83.85667617970108 77.04274167308316 70.69924040311061 64.88991507212987 59.662936805660806 55.049038394866194 51.06032331970548 47.68979670767768 44.91163640341245 42.682193644742775 40.9416845673934 39.61650698685894 38.62209267625864 37.86618460733175 37.2524121532466 36.68402570327496 36.067645965031375 35.31688265665417 34.355682358160486 33.121275780953724 31.56661024283523 29.662173083120003 27.397135355813813 24.77977147970056 21.83713858301012 18.61402796829875 15.171229332112235 11.583175003998994 7.935055498594291 4.319518158846953 0.8330768280959132 -2.4276283149066007 -5.369575817220782 -7.90696777734823 -9.96455473949859 -11.480551807743506 -12.409032973228989 -12.721710867664076 -12.409032973228989 -11.480551807743506 -9.96455473949859 -7.90696777734823 -5.369575817220782 -2.4276283149066007 0.8330768280959132 4.319518158846953 7.935055498594291 11.583175003998994 15.171229332112235 18.61402796829875 21.83713858301012 24.77977147970056 27.397135355813813 29.662173083120003 31.56661024283523 33.121275780953724 34.355682358160486 35.31688265665417 36.067645965031375 36.68402570327496 37.2524121532466 37.86618460733175 38.62209267625864 39.61650698685894 40.9416845673934 42.682193644742775 44.91163640341245 47.68979670767768 51.06032331970548 55.049038394866194 59.662936805660806 64.88991507212987 70.69924040311061 77.04274167308316 83.85667617970108 91.06419984109952 98.5783451060562 106.30539117520021 114.14849592815742 122.01144881116394 129.80239924713769 137.4374160888819 144.84374017013678 151.96260391594993 158.7515087394623 165.1858719743401 171.25997951782995 176.98720726718827]
2099174
15.4847544
