
Beta: 0.001
T_0: 1000.0

[177.71205671389777 171.88920606299942 165.72417420649424 159.20610934947877 152.34289624792683 145.16085219988858 137.70371234191083 130.03094337411275 122.2154507308116 114.34076760028287 106.4978341751895 98.78149131471808 91.28682381051759 84.1054942474791 77.32220881290361 71.01145132019528 65.23461137178866 60.03761738934605 55.449165773382404 51.47961446975543 48.12058360325678 45.3452785764873 43.10952317644724 41.353462855837684 40.00387251645425 38.976979814595204 38.18169513159339 37.523123673053156 36.90622428245733 36.23947389796936 35.438396363741525 34.42881953700745 33.149735108219936 31.555650869520633 29.61834473622961 27.327952892383852 24.69335010521357 21.741807544947946 18.517941303236842 15.081992151655314 11.507502866835921 7.878482676497085 4.286168155479039 0.8255054603855043 -2.4085104643656075 -5.324498561571365 -7.838214997345823 -9.875801310680213 -11.376632139108379 -12.29565272206367 -12.605116055921659 -12.29565272206367 -11.376632139108379 -9.875801310680213 -7.838214997345823 -5.324498561571365 -2.4085104643656075 0.8255054603855043 4.286168155479039 7.878482676497085 11.507502866835921 15.081992151655314 18.517941303236842 21.741807544947946 24.69335010521357 27.327952892383852 29.61834473622961 31.555650869520633 33.149735108219936 34.42881953700745 35.438396363741525 36.23947389796936 36.90622428245733 37.523123673053156 38.18169513159339 38.976979814595204 40.00387251645425 41.353462855837684 43.10952317644724 45.3452785764873 48.12058360325678 51.47961446975543 55.449165773382404 60.03761738934605 65.23461137178866 71.01145132019528 77.32220881290361 84.1054942474791 91.28682381051759 98.78149131471808 106.4978341751895 114.34076760028287 122.2154507308116 130.03094337411275 137.70371234191083 145.16085219988858 152.34289624792683 159.20610934947877 165.72417420649424 171.88920606299942 177.71205671389777]
187905
1.336219
[177.4909571841742 171.68506007210726 165.53035125296233 159.0161756644557 152.1508371674782 144.96127860733603 137.49204373512453 129.80356098528048 121.96981523350287 114.07549723968505 106.21274060473453 98.47757196279468 90.96621117911644 83.77136410294432 76.97865071163059 70.6633062657129 64.88728257587447 59.69686106682914 55.12086960419237 51.16957178806601 47.83427150765144 45.08764799297267 42.88480845453003 41.16501775381961 39.85403846238792 38.86699114948296 38.11162469451885 37.49187062275945 36.911544519519616 36.27805191140712 35.50595583101773 34.52026861068265 33.25934107602342 31.677237821818085 29.745507053374297 27.4542768033393 24.81263528790174 21.848280747672778 18.60645426449787 15.148196671610927 11.547996716492976 7.890921090171363 4.269336899819712 0.7793528642368074 -2.4828836509148013 -5.4248910868920435 -7.961416906087309 -10.017722279895802 -11.53246169477098 -12.460046528368043 -12.772401529748592 -12.460046528368043 -11.53246169477098 -10.017722279895802 -7.961416906087309 -5.4248910868920435 -2.4828836509148013 0.7793528642368074 4.269336899819712 7.890921090171363 11.547996716492976 15.148196671610927 18.60645426449787 21.848280747672778 24.81263528790174 27.4542768033393 29.745507053374297 31.677237821818085 33.25934107602342 34.52026861068265 35.50595583101773 36.27805191140712 36.911544519519616 37.49187062275945 38.11162469451885 38.86699114948296 39.85403846238792 41.16501775381961 42.88480845453003 45.08764799297267 47.83427150765144 51.16957178806601 55.12086960419237 59.69686106682914 64.88728257587447 70.6633062657129 76.97865071163059 83.77136410294432 90.96621117911644 98.47757196279468 106.21274060473453 114.07549723968505 121.96981523350287 129.80356098528048 137.49204373512453 144.96127860733603 152.1508371674782 159.0161756644557 165.53035125296233 171.68506007210726 177.4909571841742]
204523
1.358139
[177.2819443032368 171.49221533075973 165.35854133332631 158.86950223102363 152.032512275419 144.87353385749063 137.43607535248825 129.77951168516157 121.97679244199114 114.11162599790858 106.27524835091378 98.56290138848873 91.07015652559359 83.88922562282592 77.10540158426993 70.79376602888152 65.01629112018176 59.81944742439083 55.23241013430499 51.265932899154926 47.91193273090734 45.14380200973593 42.9174355451706 41.17293304808905 39.83691129768441 38.82533675316213 38.046769270587696 37.40589171657848 36.80718923481227 36.15863614468346 35.37524815686953 34.3823627893261 33.11852135879955 31.537841302220368 29.611787255749608 27.330272527352616 24.70204844577469 21.754366556941083 18.53192670709244 15.095151616921958 11.517854548609504 7.88439009441933 4.286398067176111 0.8192661793023048 -2.4215519480564898 -5.344221320000366 -7.8640704229169955 -9.906859567253951 -11.411646559129583 -12.333139085101273 -12.64344300741834 -12.333139085101273 -11.411646559129583 -9.906859567253951 -7.8640704229169955 -5.344221320000366 -2.4215519480564898 0.8192661793023048 4.286398067176111 7.88439009441933 11.517854548609504 15.095151616921958 18.53192670709244 21.754366556941083 24.70204844577469 27.330272527352616 29.611787255749608 31.537841302220368 33.11852135879955 34.3823627893261 35.37524815686953 36.15863614468346 36.80718923481227 37.40589171657848 38.046769270587696 38.82533675316213 39.83691129768441 41.17293304808905 42.9174355451706 45.14380200973593 47.91193273090734 51.265932899154926 55.23241013430499 59.81944742439083 65.01629112018176 70.79376602888152 77.10540158426993 83.88922562282592 91.07015652559359 98.56290138848873 106.27524835091378 114.11162599790858 121.97679244199114 129.77951168516157 137.43607535248825 144.87353385749063 152.032512275419 158.86950223102363 165.35854133332631 171.49221533075973 177.2819443032368]
128765
0.842817

Beta: 0.001
T_0: 10000.0

[177.12908218153507 171.3725961842148 165.27321574665845 158.8182523840866 152.0139099242781 144.88504438454837 137.47420190410233 129.8399719691915 122.05471967052112 114.20178476729825 106.3722559698939 98.66144529451881 91.16519895221403 83.9761875614973 77.18031927429807 70.85341464737775 65.05827196041001 59.84223656941462 55.23536837523523 51.24927833633641 47.87667905941753 45.091666862513776 42.85072439315609 41.094404994629436 39.74963362588277 38.73253527655152 37.95168140152548 37.31162871978815 36.71661340611264 36.0742576896207 35.29914539299743 34.31612801888681 33.06323341933303 31.49406446640362 29.579594881952247 27.309292717810745 24.69152800140912 21.75324876864561 18.53893802335644 15.108891994919617 11.536886335105153 7.90732058547808 4.311951440523359 0.8463412475803245 -2.3938407933892933 -5.316521565830693 -7.836787783975092 -9.88017261450444 -11.385537961761242 -12.307440855857404 -12.617892351155113 -12.307440855857404 -11.385537961761242 -9.88017261450444 -7.836787783975092 -5.316521565830693 -2.3938407933892933 0.8463412475803245 4.311951440523359 7.90732058547808 11.536886335105153 15.108891994919617 18.53893802335644 21.75324876864561 24.69152800140912 27.309292717810745 29.579594881952247 31.49406446640362 33.06323341933303 34.31612801888681 35.29914539299743 36.0742576896207 36.71661340611264 37.31162871978815 37.95168140152548 38.73253527655152 39.74963362588277 41.094404994629436 42.85072439315609 45.091666862513776 47.87667905941753 51.24927833633641 55.23536837523523 59.84223656941462 65.05827196041001 70.85341464737775 77.18031927429807 83.9761875614973 91.16519895221403 98.66144529451881 106.3722559698939 114.20178476729825 122.05471967052112 129.8399719691915 137.47420190410233 144.88504438454837 152.0139099242781 158.8182523840866 165.27321574665845 171.3725961842148 177.12908218153507]
196623
1.257093
[177.38907886245303 171.65014527246737 165.56612639779752 159.12333796528318 152.32715593430174 145.20180801381247 137.78943409714645 130.1484520514536 122.35129223748025 114.48158861636264 106.63093537402972 98.89533484326321 91.37147447516513 84.1529772413172 77.32677087831028 70.96971677753945 65.14562925395154 59.90280078831122 55.27212921558509 51.26591948821181 47.87740648260363 45.081017354731095 42.83336327048324 41.074922050899815 39.732346478276796 38.72130874563458 37.94977074008277 37.32155333651092 36.74006628223792 36.11205402543891 35.35121222185253 34.3815346694575 33.14026087496212 31.580309943697635 29.672106405191947 27.404727167804744 24.78632512282848 21.84381297043261 18.621819528871352 15.180959001916872 11.59548032337106 7.950387738501177 4.338144287989231 0.8550860352845109 -2.4023139042095574 -5.341186648907064 -7.875869062442746 -9.931225821917266 -11.44556321116783 -12.37302164039919 -12.685354108815817 -12.37302164039919 -11.44556321116783 -9.931225821917266 -7.875869062442746 -5.341186648907064 -2.4023139042095574 0.8550860352845109 4.338144287989231 7.950387738501177 11.59548032337106 15.180959001916872 18.621819528871352 21.84381297043261 24.78632512282848 27.404727167804744 29.672106405191947 31.580309943697635 33.14026087496212 34.3815346694575 35.35121222185253 36.11205402543891 36.74006628223792 37.32155333651092 37.94977074008277 38.72130874563458 39.732346478276796 41.074922050899815 42.83336327048324 45.081017354731095 47.87740648260363 51.26591948821181 55.27212921558509 59.90280078831122 65.14562925395154 70.96971677753945 77.32677087831028 84.1529772413172 91.37147447516513 98.89533484326321 106.63093537402972 114.48158861636264 122.35129223748025 130.1484520514536 137.78943409714645 145.20180801381247 152.32715593430174 159.12333796528318 165.56612639779752 171.65014527246737 177.38907886245303]
186900
1.2246028
[177.25804620321995 171.4831646178008 165.36412583767796 158.88892974199553 152.06446398271967 144.9162377974365 137.48739615341222 129.83705232330888 122.03800333352973 114.17391657630007 106.33609631453605 98.61995504444096 91.1213260871405 83.93275991668969 77.13994736032632 70.8184079036122 65.0305710875888 59.82336379324196 55.22639665753343 51.25081971061019 47.88889146039958 45.11427807818518 42.88307112253349 41.135484469577555 39.7981648683638 38.787026825190416 38.01050225711391 37.37307932520943 36.77899368223575 36.13592947899326 35.35858709651972 34.37197972191623 33.11433136498209 31.53946431595959 29.61858377626926 27.34139069158068 24.716479779540578 21.77100736957361 18.54964189175674 15.112837575241686 11.534498072631681 7.899120304261217 4.298528904277407 0.8283274724408805 -2.4157962198216785 -5.341768276348865 -7.86468705767694 -9.910104376145547 -11.416902696273604 -12.339657145193513 -12.650391048486169 -12.339657145193513 -11.416902696273604 -9.910104376145547 -7.86468705767694 -5.341768276348865 -2.4157962198216785 0.8283274724408805 4.298528904277407 7.899120304261217 11.534498072631681 15.112837575241686 18.54964189175674 21.77100736957361 24.716479779540578 27.34139069158068 29.61858377626926 31.53946431595959 33.11433136498209 34.37197972191623 35.35858709651972 36.13592947899326 36.77899368223575 37.37307932520943 38.01050225711391 38.787026825190416 39.7981648683638 41.135484469577555 42.88307112253349 45.11427807818518 47.88889146039958 51.25081971061019 55.22639665753343 59.82336379324196 65.0305710875888 70.8184079036122 77.13994736032632 83.93275991668969 91.1213260871405 98.61995504444096 106.33609631453605 114.17391657630007 122.03800333352973 129.83705232330888 137.48739615341222 144.9162377974365 152.06446398271967 158.88892974199553 165.36412583767796 171.4831646178008 177.25804620321995]
267208
1.7213413

Beta: 0.001
T_0: 100000.0

[177.4017299658369 171.59975252310971 165.4543347388503 158.95434328222694 152.10744116310835 144.93979211102257 137.49505123951448 129.8326809337188 122.02565693027512 114.15765308367025 106.31981342415448 98.60723603370523 91.1153043839011 83.93600766413041 77.15439205328747 70.84527983661495 65.07038293650939 59.87592221053722 55.290844358589204 51.325705226735074 47.97226258731045 45.20379410482989 42.97612822134308 41.229348192082675 39.89010353368356 38.8744397146948 38.091036925526076 37.4447329836404 36.840194468530534 36.18559446265667 35.39615501968083 34.397417699838435 33.12811600282304 31.542538886425337 29.612294191891717 27.3274039471663 24.696689293772934 21.74743018775611 18.524313002624464 15.08770663332008 11.511333605100154 7.8794260305170125 4.283476131040442 0.8187066806168224 -2.4196024667824174 -5.339790051626559 -7.8573494863604605 -9.89818892238742 -11.401489540721977 -12.322051800128033 -12.632039129963246 -12.322051800128033 -11.401489540721977 -9.89818892238742 -7.8573494863604605 -5.339790051626559 -2.4196024667824174 0.8187066806168224 4.283476131040442 7.8794260305170125 11.511333605100154 15.08770663332008 18.524313002624464 21.74743018775611 24.696689293772934 27.3274039471663 29.612294191891717 31.542538886425337 33.12811600282304 34.397417699838435 35.39615501968083 36.18559446265667 36.840194468530534 37.4447329836404 38.091036925526076 38.8744397146948 39.89010353368356 41.229348192082675 42.97612822134308 45.20379410482989 47.97226258731045 51.325705226735074 55.290844358589204 59.87592221053722 65.07038293650939 70.84527983661495 77.15439205328747 83.93600766413041 91.1153043839011 98.60723603370523 106.31981342415448 114.15765308367025 122.02565693027512 129.8326809337188 137.49505123951448 144.93979211102257 152.10744116310835 158.95434328222694 165.4543347388503 171.59975252310971 177.4017299658369]
230393
1.4835178
[177.24432678524565 171.4639164300557 165.3417876292842 158.86599209372903 152.04337478585 144.89930937755597 137.47671761556262 129.8344104936126 122.04481534148698 114.19117667362487 106.3643389781923 98.6592357844671 91.17122069810321 83.99238220139331 77.2079846431123 70.89317296559412 65.1100685238126 59.90536823646537 55.30853985639574 51.33068310904525 47.964100713339455 45.182595864074166 42.942484678785384 41.18428448033841 39.83501266695478 38.81100732358599 38.02116056443039 37.37043964526644 36.76355976261963 36.10866659445594 35.32088626056843 34.32560550479076 33.06135532744877 31.482186622233566 29.55944600453056 27.282883199491827 24.661047191818138 21.720955826966694 18.50705163294461 15.079484217798438 11.511785624225384 7.888028483558347 4.299576799999826 0.8415549398984409 -2.3908287084088844 -5.305961322014994 -7.819366270441737 -9.856967945052885 -11.357954612655046 -12.277128650515854 -12.586653331566078 -12.277128650515854 -11.357954612655046 -9.856967945052885 -7.819366270441737 -5.305961322014994 -2.3908287084088844 0.8415549398984409 4.299576799999826 7.888028483558347 11.511785624225384 15.079484217798438 18.50705163294461 21.720955826966694 24.661047191818138 27.282883199491827 29.55944600453056 31.482186622233566 33.06135532744877 34.32560550479076 35.32088626056843 36.10866659445594 36.76355976261963 37.37043964526644 38.02116056443039 38.81100732358599 39.83501266695478 41.18428448033841 42.942484678785384 45.182595864074166 47.964100713339455 51.33068310904525 55.30853985639574 59.90536823646537 65.1100685238126 70.89317296559412 77.2079846431123 83.99238220139331 91.17122069810321 98.6592357844671 106.3643389781923 114.19117667362487 122.04481534148698 129.8344104936126 137.47671761556262 144.89930937755597 152.04337478585 158.86599209372903 165.3417876292842 171.4639164300557 177.24432678524565]
91644
0.6032289
[170.1196028364689 163.76718366619662 157.04887667189496 150.08434541125013 143.36516537238373 137.2764938047673 131.72229038885249 126.21876978486294 120.36515155619036 114.23364172592305 108.29917231824426 102.97726620132767 98.21971032858849 93.56146970262672 88.57319217726082 83.27899186952253 78.13298478855633 73.57740881375616 69.61230175085618 65.7954645448579 61.67274544565314 57.21995480782404 52.866402955045096 49.07715746370388 45.90050665970813 42.920972403593254 39.66359332576041 36.056088538295306 32.49919094119113 29.47671192157828 27.084766084810838 24.93824642147237 22.545554751390114 19.786953973342996 17.03107889454136 14.776234151445529 13.165516206745123 11.847572567733776 10.318487216534955 8.4121187979498 6.461765357518154 4.975846888082779 4.143184524908804 3.6492671258106504 2.9822880273700343 1.9311612678106322 0.7909199158975675 0.0756325586825787 0.01818610168844423 0.3436739145989821 0.5368952044772302 0.3436739145989821 0.01818610168844423 0.0756325586825787 0.7909199158975675 1.9311612678106322 2.9822880273700343 3.6492671258106504 4.143184524908804 4.975846888082779 6.461765357518154 8.4121187979498 10.318487216534955 11.847572567733776 13.165516206745123 14.776234151445529 17.03107889454136 19.786953973342996 22.545554751390114 24.93824642147237 27.084766084810838 29.47671192157828 32.49919094119113 36.056088538295306 39.66359332576041 42.920972403593254 45.90050665970813 49.07715746370388 52.866402955045096 57.21995480782404 61.67274544565314 65.7954645448579 69.61230175085618 73.57740881375616 78.13298478855633 83.27899186952253 88.57319217726082 93.56146970262672 98.21971032858849 102.97726620132767 108.29917231824426 114.23364172592305 120.36515155619036 126.21876978486294 131.72229038885249 137.2764938047673 143.36516537238373 150.08434541125013 157.04887667189496 163.76718366619662 170.1196028364689]
105451
0.6897597

Beta: 0.001
T_0: 1.0e6

[177.29827039673134 171.52703429884895 165.40843265275643 158.93051675572877 152.10034113262216 144.9436909742656 137.5040858899082 129.84109846516878 122.02805259039509 114.14919048778397 106.29641789321883 98.5657531473367 91.05361739026573 83.8531091936256 77.05040756469242 70.7214422977843 64.92896031857532 59.720101367306484 55.12457668782099 51.1535210913662 47.799062747311865 45.03462732253115 42.815964718587956 41.082858737276894 39.761453619155795 38.76710756593917 38.007662996857995 37.38700718797282 36.80878572407311 36.18012528866441 35.41522195674826 34.43865635160219 33.18830757975354 31.617753360124144 29.698063614938384 27.418918224458526 24.789005759500625 21.83568778613363 18.603941712626472 15.154623023257859 11.562114040056445 7.9114500559118435 4.295033874990837 0.8090656988692798 -2.4501737051902244 -5.390042948731478 -7.925119354016324 -9.980499380772812 -11.494692631093804 -12.421997618487898 -12.73426750986296 -12.421997618487898 -11.494692631093804 -9.980499380772812 -7.925119354016324 -5.390042948731478 -2.4501737051902244 0.8090656988692798 4.295033874990837 7.9114500559118435 11.562114040056445 15.154623023257859 18.603941712626472 21.83568778613363 24.789005759500625 27.418918224458526 29.698063614938384 31.617753360124144 33.18830757975354 34.43865635160219 35.41522195674826 36.18012528866441 36.80878572407311 37.38700718797282 38.007662996857995 38.76710756593917 39.761453619155795 41.082858737276894 42.815964718587956 45.03462732253115 47.799062747311865 51.1535210913662 55.12457668782099 59.720101367306484 64.92896031857532 70.7214422977843 77.05040756469242 83.8531091936256 91.05361739026573 98.5657531473367 106.29641789321883 114.14919048778397 122.02805259039509 129.84109846516878 137.5040858899082 144.9436909742656 152.10034113262216 158.93051675572877 165.40843265275643 171.52703429884895 177.29827039673134]
284572
1.8852378
[177.57091683551917 171.76070569016582 165.60844615663302 159.1029638080853 152.25183748050867 145.08110685555397 137.63426776144672 129.97059395665144 122.16285014755573 114.29448447971924 106.45640882583434 98.74349109785213 91.25089492169455 84.0704079023347 77.28690014718937 70.97504968999174 65.19646115938353 59.99728886373698 55.406456001654924 51.43453870703061 48.07335798598935 45.296295290167215 43.0593195504419 41.30268604467523 39.95324155139245 38.92724684878028 38.13360765741323 37.47738936600972 36.863479930201756 36.200259617264045 35.40313600564184 34.397807847017155 33.123131860060454 31.533481845265275 29.600509098221472 27.3142361986238 24.683441972932616 21.735322777521798 18.514443171160696 15.081016463433816 11.508581481367223 7.881165192469272 4.2900406597971745 0.8302054181221205 -2.403283852638737 -5.318978936005919 -7.832568460787494 -9.87013091926833 -11.37098680928664 -12.290039854896095 -12.59951697339415 -12.290039854896095 -11.37098680928664 -9.87013091926833 -7.832568460787494 -5.318978936005919 -2.403283852638737 0.8302054181221205 4.2900406597971745 7.881165192469272 11.508581481367223 15.081016463433816 18.514443171160696 21.735322777521798 24.683441972932616 27.3142361986238 29.600509098221472 31.533481845265275 33.123131860060454 34.397807847017155 35.40313600564184 36.200259617264045 36.863479930201756 37.47738936600972 38.13360765741323 38.92724684878028 39.95324155139245 41.30268604467523 43.0593195504419 45.296295290167215 48.07335798598935 51.43453870703061 55.406456001654924 59.99728886373698 65.19646115938353 70.97504968999174 77.28690014718937 84.0704079023347 91.25089492169455 98.74349109785213 106.45640882583434 114.29448447971924 122.16285014755573 129.97059395665144 137.63426776144672 145.08110685555397 152.25183748050867 159.1029638080853 165.60844615663302 171.76070569016582 177.57091683551917]
302359
2.0158962
[177.43251565927514 171.61157269494075 165.44312575181704 158.91714592514055 152.04246320300823 144.84642668502465 137.37385217836822 129.68529766820268 121.85473302299482 113.96669360536379 106.1130273186482 98.38936026405766 90.89141701133157 83.7113370802692 76.93412937638278 70.63440101534384 64.8734864123146 59.69708710994188 55.13351316531946 51.19259376804421 47.865299009201394 45.124087355748884 42.92396545936231 41.20421951787206 39.890751565854806 38.898930792990996 38.136850170374764 37.508863068526296 36.919263776676814 36.27597029553475 35.49406768821916 34.4990756398705 33.22981448896689 31.640759444357244 29.703792396829037 27.409283914823842 24.76646378868741 21.803065864768225 18.564260836284742 15.110918057584112 11.517263267848447 7.868022355948535 4.255161075477067 0.7743461669877244 -2.478735935174941 -5.412061153871203 -7.940808891238654 -9.990625958098265 -11.500487713426002 -12.425046316136969 -12.736375727546395 -12.425046316136969 -11.500487713426002 -9.990625958098265 -7.940808891238654 -5.412061153871203 -2.478735935174941 0.7743461669877244 4.255161075477067 7.868022355948535 11.517263267848447 15.110918057584112 18.564260836284742 21.803065864768225 24.76646378868741 27.409283914823842 29.703792396829037 31.640759444357244 33.22981448896689 34.4990756398705 35.49406768821916 36.27597029553475 36.919263776676814 37.508863068526296 38.136850170374764 38.898930792990996 39.890751565854806 41.20421951787206 42.92396545936231 45.124087355748884 47.865299009201394 51.19259376804421 55.13351316531946 59.69708710994188 64.8734864123146 70.63440101534384 76.93412937638278 83.7113370802692 90.89141701133157 98.38936026405766 106.1130273186482 113.96669360536379 121.85473302299482 129.68529766820268 137.37385217836822 144.84642668502465 152.04246320300823 158.91714592514055 165.44312575181704 171.61157269494075 177.43251565927514]
280730
1.8271051

Beta: 0.001
T_0: 1.0e7

[169.91788683756565 163.21979123864196 156.1925400389627 149.68094757756634 143.80542367893403 137.73237385457693 131.26371350870775 125.21457950336794 119.85901131434544 114.4074072215706 108.51215224716654 102.9304571653869 98.08049425089114 93.24401824113326 87.9359303914732 82.82927420920173 78.47186298569562 74.2416987432516 69.53301009295497 64.91134891701834 61.03518502513445 57.400323097047355 53.30131213888523 49.17661317758357 45.77253323529184 42.72015256452173 39.238788007709935 35.6246148465841 32.68591400667791 30.20182624650727 27.34349086066953 24.254533415731586 21.77719772265983 19.846338934594744 17.613643009598608 15.065208447520314 13.048053941228067 11.65500663657836 10.047697522802629 8.055179790250067 6.499893536376493 5.629420970136533 4.644391834057153 3.2227381796599404 2.133819804189945 1.771394005237507 1.4027914969066368 0.5659844735712563 -0.04940977193954983 0.08289546675944978 0.3223225679554986 0.08289546675944978 -0.04940977193954983 0.5659844735712563 1.4027914969066368 1.771394005237507 2.133819804189945 3.2227381796599404 4.644391834057153 5.629420970136533 6.499893536376493 8.055179790250067 10.047697522802629 11.65500663657836 13.048053941228067 15.065208447520314 17.613643009598608 19.846338934594744 21.77719772265983 24.254533415731586 27.34349086066953 30.20182624650727 32.68591400667791 35.6246148465841 39.238788007709935 42.72015256452173 45.77253323529184 49.17661317758357 53.30131213888523 57.400323097047355 61.03518502513445 64.91134891701834 69.53301009295497 74.2416987432516 78.47186298569562 82.82927420920173 87.9359303914732 93.24401824113326 98.08049425089114 102.9304571653869 108.51215224716654 114.4074072215706 119.85901131434544 125.21457950336794 131.26371350870775 137.73237385457693 143.80542367893403 149.68094757756634 156.1925400389627 163.21979123864196 169.91788683756565]
103498
0.6806362
[177.2663464501941 171.48958870946743 165.3679335332836 158.88951095502895 152.0613559457376 144.90913661813755 137.47616253966788 129.8217114682736 122.01873915750424 114.1510607125465 106.31011239544067 98.59141898706567 91.0909031892874 83.90117965343784 77.10797681525545 70.78682477861685 65.00013721160015 59.79479999576295 55.20035979111816 51.22788250156066 47.86952574390876 45.09884183820948 42.87179961328389 41.1284855500774 39.79541853917799 38.788388821895865 38.01571143247684 37.38176844477955 36.79070316879276 36.150123571789365 35.37467184252104 34.3893221884175 33.13227945546657 31.55736658265866 29.635808651744284 27.357344605580945 24.73062368385486 21.78287125989193 18.558836988945654 15.119065906230185 11.53755927078875 7.898915528444312 4.2950618526671285 0.8217025402075869 -2.425378522347595 -5.354018466970766 -7.879236154614709 -9.926515419689478 -11.434684000515153 -12.358276928334362 -12.669293065401078 -12.358276928334362 -11.434684000515153 -9.926515419689478 -7.879236154614709 -5.354018466970766 -2.425378522347595 0.8217025402075869 4.2950618526671285 7.898915528444312 11.53755927078875 15.119065906230185 18.558836988945654 21.78287125989193 24.73062368385486 27.357344605580945 29.635808651744284 31.55736658265866 33.13227945546657 34.3893221884175 35.37467184252104 36.150123571789365 36.79070316879276 37.38176844477955 38.01571143247684 38.788388821895865 39.79541853917799 41.1284855500774 42.87179961328389 45.09884183820948 47.86952574390876 51.22788250156066 55.20035979111816 59.79479999576295 65.00013721160015 70.78682477861685 77.10797681525545 83.90117965343784 91.0909031892874 98.59141898706567 106.31011239544067 114.1510607125465 122.01873915750424 129.8217114682736 137.47616253966788 144.90913661813755 152.0613559457376 158.88951095502895 165.3679335332836 171.48958870946743 177.2663464501941]
393194
2.5200944
[177.54947015519522 171.71945827284426 165.5461890012178 159.01947163423168 152.14783408072012 144.95819453435064 137.49482510551235 129.81764731602257 121.99992508122868 114.12544400121203 106.28528556021796 98.57432042976995 91.08755588557942 83.91647796510978 77.1455291951211 70.84885749899743 65.08746145305726 59.90684180135149 55.33524964716983 51.382598767032604 48.04008392379101 45.280519874033565 43.059388017790084 41.31655039383501 39.97856503064112 38.96151351046221 38.17423188346319 37.52182053959193 36.909297905816416 36.245257298992136 35.44538614312622 34.435712058857895 33.155450848589076 31.559346727964783 29.619414703257597 27.326018011983614 24.688239144579704 21.733530162563433 18.506655776157466 15.067969873580143 11.49109185675989 7.860072246066753 4.266156680143978 0.8042728989648762 -2.430624036426874 -5.34720757605526 -7.861295813094357 -9.899092542502636 -11.400028463325672 -12.319093136514775 -12.628567916356388 -12.319093136514775 -11.400028463325672 -9.899092542502636 -7.861295813094357 -5.34720757605526 -2.430624036426874 0.8042728989648762 4.266156680143978 7.860072246066753 11.49109185675989 15.067969873580143 18.506655776157466 21.733530162563433 24.688239144579704 27.326018011983614 29.619414703257597 31.559346727964783 33.155450848589076 34.435712058857895 35.44538614312622 36.245257298992136 36.909297905816416 37.52182053959193 38.17423188346319 38.96151351046221 39.97856503064112 41.31655039383501 43.059388017790084 45.280519874033565 48.04008392379101 51.382598767032604 55.33524964716983 59.90684180135149 65.08746145305726 70.84885749899743 77.1455291951211 83.91647796510978 91.08755588557942 98.57432042976995 106.28528556021796 114.12544400121203 121.99992508122868 129.81764731602257 137.49482510551235 144.95819453435064 152.14783408072012 159.01947163423168 165.5461890012178 171.71945827284426 177.54947015519522]
238136
1.547914

Beta: 0.0001
T_0: 1000.0

[177.20578938589475 171.4632530092158 165.37327669508022 158.9228345979607 152.11799007566125 144.98366089790957 137.56265435555346 129.91400963381244 122.11071163786957 114.23686479836798 106.38443629546846 98.64969481372113 91.12948272971289 83.9174660846792 77.10050755434528 70.75530286548151 64.94541090723227 59.718792540224875 55.10595340813575 51.118762667635025 47.749993379025696 44.97360235503149 42.74573863115549 41.006441506601334 39.68196240251301 38.687620628245895 37.931082471786794 37.315936638136236 36.74542758393246 36.126202182406836 35.37192463656679 34.40661966030603 33.16761446944721 31.607965659992878 29.698276997591552 27.4278377279293 24.80503732927808 21.8570406467217 18.6287359878488 15.180996912788663 11.588325027318975 7.935965057136742 4.3166039163076775 0.8267815918389114 -2.4368471742860023 -5.381255646733074 -7.9206473711369565 -9.979778470251254 -11.496871312646022 -12.426006727960763 -12.73890213496407 -12.426006727960763 -11.496871312646022 -9.979778470251254 -7.9206473711369565 -5.381255646733074 -2.4368471742860023 0.8267815918389114 4.3166039163076775 7.935965057136742 11.588325027318975 15.180996912788663 18.6287359878488 21.8570406467217 24.80503732927808 27.4278377279293 29.698276997591552 31.607965659992878 33.16761446944721 34.40661966030603 35.37192463656679 36.126202182406836 36.74542758393246 37.315936638136236 37.931082471786794 38.687620628245895 39.68196240251301 41.006441506601334 42.74573863115549 44.97360235503149 47.749993379025696 51.118762667635025 55.10595340813575 59.718792540224875 64.94541090723227 70.75530286548151 77.10050755434528 83.9174660846792 91.12948272971289 98.64969481372113 106.38443629546846 114.23686479836798 122.11071163786957 129.91400963381244 137.56265435555346 144.98366089790957 152.11799007566125 158.9228345979607 165.37327669508022 171.4632530092158 177.20578938589475]
915232
6.0615954
[177.50950901687335 171.6845143961055 165.51936976315625 159.00347193209865 152.1448534845298 144.9698731930138 137.5222001511458 129.86113076198276 122.05930344830549 114.19989915995743 106.37343557111316 98.67427851935008 91.19700513613388 84.03275883397302 77.2657366295003 70.96994418139397 65.20634360432076 60.02050398247303 55.440845132167674 51.47754229905982 48.12213400308264 45.34784814480172 43.110633805004404 41.350858971866664 39.99560876511849 38.961495583362826 38.157872871211914 37.49032864729414 36.86432415217094 36.18883738230831 35.379871087876715 34.363690035812915 33.07966277363169 31.482598372131623 29.54448808867037 27.255584827120558 24.624778792003127 21.67925485905092 18.463444867166196 15.037315210575095 11.474055727531743 7.85725895608272 4.277698468647587 0.8298304487702418 -2.391846660358452 -5.296434136077544 -7.8001362228057385 -9.829489629482499 -11.324194812711463 -12.239439927653585 -12.547627881349689 -12.239439927653585 -11.324194812711463 -9.829489629482499 -7.8001362228057385 -5.296434136077544 -2.391846660358452 0.8298304487702418 4.277698468647587 7.85725895608272 11.474055727531743 15.037315210575095 18.463444867166196 21.67925485905092 24.624778792003127 27.255584827120558 29.54448808867037 31.482598372131623 33.07966277363169 34.363690035812915 35.379871087876715 36.18883738230831 36.86432415217094 37.49032864729414 38.157872871211914 38.961495583362826 39.99560876511849 41.350858971866664 43.110633805004404 45.34784814480172 48.12213400308264 51.47754229905982 55.440845132167674 60.02050398247303 65.20634360432076 70.96994418139397 77.2657366295003 84.03275883397302 91.19700513613388 98.67427851935008 106.37343557111316 114.19989915995743 122.05930344830549 129.86113076198276 137.5222001511458 144.9698731930138 152.1448534845298 159.00347193209865 165.51936976315625 171.6845143961055 177.50950901687335]
819389
5.4562727
[177.33284633450236 171.56505678190783 165.45343852415772 158.98553622229235 152.16780873253356 145.0253792490106 137.60106342692166 129.95371308265106 122.15593954385275 114.29130472050583 106.45108855872569 98.73075792665655 91.22627353157847 84.03037773313336 77.22900685655728 70.89796679355646 65.10000049340985 59.88236078674821 55.274982435995554 51.28932412567347 47.917925189542046 45.134694222338524 42.895918411327315 41.141954542237514 39.79953626393929 38.784608356637406 38.00557836146124 37.36685978396313 36.772569804683194 36.130238452868284 35.35438575605163 34.36982848539601 33.11458857723914 31.542290720128992 29.623956358048225 27.349124709788764 24.726257438476576 21.78241131682194 18.562191550866736 15.126026252306405 11.547828810488738 7.9121385939062545 4.3108505915889745 0.8396605063851106 -2.405637180265711 -5.332854964747793 -7.8569785437539075 -9.903455545487937 -11.411079546847388 -12.334357809975545 -12.645271143611868 -12.334357809975545 -11.411079546847388 -9.903455545487937 -7.8569785437539075 -5.332854964747793 -2.405637180265711 0.8396605063851106 4.3108505915889745 7.9121385939062545 11.547828810488738 15.126026252306405 18.562191550866736 21.78241131682194 24.726257438476576 27.349124709788764 29.623956358048225 31.542290720128992 33.11458857723914 34.36982848539601 35.35438575605163 36.130238452868284 36.772569804683194 37.36685978396313 38.00557836146124 38.784608356637406 39.79953626393929 41.141954542237514 42.895918411327315 45.134694222338524 47.917925189542046 51.28932412567347 55.274982435995554 59.88236078674821 65.10000049340985 70.89796679355646 77.22900685655728 84.03037773313336 91.22627353157847 98.73075792665655 106.45108855872569 114.29130472050583 122.15593954385275 129.95371308265106 137.60106342692166 145.0253792490106 152.16780873253356 158.98553622229235 165.45343852415772 171.56505678190783 177.33284633450236]
1080216
7.135273

Beta: 0.0001
T_0: 10000.0

[177.52981427523284 171.7017071136572 165.5323687846802 159.01138770403963 152.1470132270133 144.96583786369797 137.51177287249027 129.84435669432716 122.03646139080459 114.17148543964666 106.34014102763926 98.63695960219474 91.15665029590106 83.99045150625864 77.22261617632833 70.9271661716587 65.16504078256018 59.98174919819957 55.405617384760205 51.44669690207764 48.09637769372949 45.327719766819946 43.096490984364856 41.34287099204961 39.99375564007658 38.96557312830192 38.16750339006972 37.5049766964577 36.8833167064019 36.21138762376685 35.40510496424663 34.39067468900593 33.10743592597716 31.510197770438438 29.57098014578808 27.280091662412648 24.646502952990666 21.69750110245631 18.47763848480901 15.047016500058811 11.478970325838937 7.85724387252763 4.272763769321228 0.8201366549432159 -2.405995294329751 -5.314600205634581 -7.821763273044681 -9.853919354802905 -11.350686876959035 -12.267193874724299 -12.575806566918741 -12.267193874724299 -11.350686876959035 -9.853919354802905 -7.821763273044681 -5.314600205634581 -2.405995294329751 0.8201366549432159 4.272763769321228 7.85724387252763 11.478970325838937 15.047016500058811 18.47763848480901 21.69750110245631 24.646502952990666 27.280091662412648 29.57098014578808 31.510197770438438 33.10743592597716 34.39067468900593 35.40510496424663 36.21138762376685 36.8833167064019 37.5049766964577 38.16750339006972 38.96557312830192 39.99375564007658 41.34287099204961 43.096490984364856 45.327719766819946 48.09637769372949 51.44669690207764 55.405617384760205 59.98174919819957 65.16504078256018 70.9271661716587 77.22261617632833 83.99045150625864 91.15665029590106 98.63695960219474 106.34014102763926 114.17148543964666 122.03646139080459 129.84435669432716 137.51177287249027 144.96583786369797 152.1470132270133 159.01138770403963 165.5323687846802 171.7017071136572 177.52981427523284]
954004
6.2885953
[177.47830557579698 171.69029291912466 165.55917031285088 159.07305269263261 152.23890144403907 145.08225541869166 137.64624412799697 129.9899212440908 122.18598280053934 114.31795826018579 106.47698298563638 98.75827682223434 91.2574648590139 84.06688253127528 77.27200783345296 70.94815849948216 65.15758176967921 59.94704919383888 55.34604940594828 51.365648700643355 47.9980634380667 45.216960799152055 42.97847627032778 41.22290854262634 39.87702633529084 38.85689800956615 38.07113463805478 37.42442121933768 36.82119959379546 36.169360754919886 35.38380388736976 34.389724612625265 33.125505386355066 31.545096364234848 29.619794740956984 27.33935380981399 24.712378889443453 21.765994819356692 18.544797872029196 15.109132579055846 11.532760053798722 7.900007905174629 4.302511868244013 0.8356750530866526 -2.405018375486524 -5.327692650128986 -7.8476304267898165 -9.89054621326208 -11.395456717086704 -12.31703720425026 -12.627372820356907 -12.31703720425026 -11.395456717086704 -9.89054621326208 -7.8476304267898165 -5.327692650128986 -2.405018375486524 0.8356750530866526 4.302511868244013 7.900007905174629 11.532760053798722 15.109132579055846 18.544797872029196 21.765994819356692 24.712378889443453 27.33935380981399 29.619794740956984 31.545096364234848 33.125505386355066 34.389724612625265 35.38380388736976 36.169360754919886 36.82119959379546 37.42442121933768 38.07113463805478 38.85689800956615 39.87702633529084 41.22290854262634 42.97847627032778 45.216960799152055 47.9980634380667 51.365648700643355 55.34604940594828 59.94704919383888 65.15758176967921 70.94815849948216 77.27200783345296 84.06688253127528 91.2574648590139 98.75827682223434 106.47698298563638 114.31795826018579 122.18598280053934 129.9899212440908 137.64624412799697 145.08225541869166 152.23890144403907 159.07305269263261 165.55917031285088 171.69029291912466 177.47830557579698]
1305242
8.6711715
[177.44373923736862 171.6315637448344 165.47214805049322 158.95504877809913 152.08870518234934 144.90011411477823 137.43379025213036 129.75005163355937 121.92269653841262 114.03616117861137 106.18226767583896 98.4566875737104 90.95525709120399 83.77028603368505 76.9870025221622 70.6802704704547 64.91170623513358 59.727305489197995 55.15567171936363 51.20691457560681 47.87226050253146 45.12439064891782 42.918493041021726 41.19398849563464 39.8768638001507 38.88252229823537 38.11904209209541 37.49071637312418 36.90173952669944 36.25989704244284 35.48011711471446 34.48774714503719 33.22142895343367 31.63546196119904 29.701563328184317 27.409957253695957 24.7697514870731 21.808586546808552 18.571571158379538 15.119544911926189 11.52673505273237 7.8778976521782855 4.265053265677921 0.7839428022738646 -2.469659893517916 -5.403636728360005 -7.9330732471276075 -9.98352907504909 -11.493904955341414 -12.418795959672233 -12.730240238602502 -12.418795959672233 -11.493904955341414 -9.98352907504909 -7.9330732471276075 -5.403636728360005 -2.469659893517916 0.7839428022738646 4.265053265677921 7.8778976521782855 11.52673505273237 15.119544911926189 18.571571158379538 21.808586546808552 24.7697514870731 27.409957253695957 29.701563328184317 31.63546196119904 33.22142895343367 34.48774714503719 35.48011711471446 36.25989704244284 36.90173952669944 37.49071637312418 38.11904209209541 38.88252229823537 39.8768638001507 41.19398849563464 42.918493041021726 45.12439064891782 47.87226050253146 51.20691457560681 55.15567171936363 59.727305489197995 64.91170623513358 70.6802704704547 76.9870025221622 83.77028603368505 90.95525709120399 98.4566875737104 106.18226767583896 114.03616117861137 121.92269653841262 129.75005163355937 137.43379025213036 144.90011411477823 152.08870518234934 158.95504877809913 165.47214805049322 171.6315637448344 177.44373923736862]
1190383
7.8591439

Beta: 0.0001
T_0: 100000.0

[177.6291128135448 171.8606954614267 165.74776953406933 159.27747998598971 152.45595168778425 145.30805230298412 137.87642954141964 130.2198600616343 122.4109739442599 114.53344283292921 106.67874060325707 98.94260196999137 91.42131613660241 84.20799897796546 77.3889880778256 71.04050018644728 65.22568050432113 59.99215802831195 55.37020160453723 51.371548076024105 47.98894789316943 45.19644577860838 42.95038558060439 41.19110041226313 39.845222643164085 38.8285243125527 38.04917799805142 37.411311896015356 36.81872147930295 36.17859403636688 35.40510189688712 34.42272523291925 33.169175793980685 31.59780838425393 29.679426722046585 27.40341376801711 24.77814276173718 21.83065305339023 18.605603280719095 15.16354241876542 11.57856563837083 7.935445726403132 4.326351124211463 0.8472776447876782 -2.4056679860000423 -5.339988882143717 -7.870378996002578 -9.922025724934699 -11.43350626629746 -12.359165589009672 -12.670883958980387 -12.359165589009672 -11.43350626629746 -9.922025724934699 -7.870378996002578 -5.339988882143717 -2.4056679860000423 0.8472776447876782 4.326351124211463 7.935445726403132 11.57856563837083 15.16354241876542 18.605603280719095 21.83065305339023 24.77814276173718 27.40341376801711 29.679426722046585 31.59780838425393 33.169175793980685 34.42272523291925 35.40510189688712 36.17859403636688 36.81872147930295 37.411311896015356 38.04917799805142 38.8285243125527 39.845222643164085 41.19110041226313 42.95038558060439 45.19644577860838 47.98894789316943 51.371548076024105 55.37020160453723 59.99215802831195 65.22568050432113 71.04050018644728 77.3889880778256 84.20799897796546 91.42131613660241 98.94260196999137 106.67874060325707 114.53344283292921 122.4109739442599 130.2198600616343 137.87642954141964 145.30805230298412 152.45595168778425 159.27747998598971 165.74776953406933 171.8606954614267 177.6291128135448]
1092768
7.2096416
[177.517436828422 171.73058642432431 165.59504276868313 159.0992826786295 152.25080767115665 145.07585441043705 137.61838199301283 129.9383751609662 122.1095289376925 114.21640405741051 106.35116298684703 98.61001252584573 91.08949029995016 83.88273848337285 77.07590858366295 70.74483606075808 64.95211313736529 59.74467278796589 55.15197716262132 51.184880370955256 47.8352095219879 45.076080191356496 42.86293413911572 41.13525922305803 39.81892512022085 38.829044699490524 38.07325059870353 37.45526053276669 36.87859371474366 36.2502949390376 35.48452257977322 34.505862010625336 33.25223655057565 31.677303575391214 29.75224330675864 27.46687123326248 24.83003122457585 21.86925416499369 18.629695282766555 15.172391193511379 11.571903934451782 7.9134429279405625 4.2895759642062234 0.7966561568569871 -2.4688972121587063 -5.414320401637463 -7.954085819174679 -10.013203319528326 -11.530114765736581 -12.45907012519277 -12.771893385221603 -12.45907012519277 -11.530114765736581 -10.013203319528326 -7.954085819174679 -5.414320401637463 -2.4688972121587063 0.7966561568569871 4.2895759642062234 7.9134429279405625 11.571903934451782 15.172391193511379 18.629695282766555 21.86925416499369 24.83003122457585 27.46687123326248 29.75224330675864 31.677303575391214 33.25223655057565 34.505862010625336 35.48452257977322 36.2502949390376 36.87859371474366 37.45526053276669 38.07325059870353 38.829044699490524 39.81892512022085 41.13525922305803 42.86293413911572 45.076080191356496 47.8352095219879 51.184880370955256 55.15197716262132 59.74467278796589 64.95211313736529 70.74483606075808 77.07590858366295 83.88273848337285 91.08949029995016 98.61001252584573 106.35116298684703 114.21640405741051 122.1095289376925 129.9383751609662 137.61838199301283 145.07585441043705 152.25080767115665 159.0992826786295 165.59504276868313 171.73058642432431 177.517436828422]
874470
5.7716524
[176.91994382751034 171.1875189122298 165.1171079125389 158.69490511657438 151.92589892088293 144.83367824294552 137.45951709292802 129.86077283018932 122.10866026436001 114.28548798255751 106.4814641542958 98.79119577280046 91.31001718883816 84.13029041749449 77.33782079406997 71.00852707869076 65.20549523474088 59.97653021679039 55.35230077710786 51.34514928633831 47.948612756256814 45.13767365254678 42.869730764174754 41.08625245228801 39.71504812010189 38.673069753533426 37.869634811717496 37.20994539480331 36.59876711881607 35.94412492938631 35.16087242883657 34.17399619983766 32.92152689281944 31.35694410500261 29.450981723550438 27.19276367189865 24.590225983705796 21.669808824780926 18.475430414856515 15.066782668804144 11.517014699270296 7.909894078376544 4.3365560229275 0.8919666593489605 -2.328762379615777 -5.234065004963783 -7.739474127594311 -9.770899619632372 -11.267503571243182 -12.184061261253541 -12.492716218066109 -12.184061261253541 -11.267503571243182 -9.770899619632372 -7.739474127594311 -5.234065004963783 -2.328762379615777 0.8919666593489605 4.3365560229275 7.909894078376544 11.517014699270296 15.066782668804144 18.475430414856515 21.669808824780926 24.590225983705796 27.19276367189865 29.450981723550438 31.35694410500261 32.92152689281944 34.17399619983766 35.16087242883657 35.94412492938631 36.59876711881607 37.20994539480331 37.869634811717496 38.673069753533426 39.71504812010189 41.08625245228801 42.869730764174754 45.13767365254678 47.948612756256814 51.34514928633831 55.35230077710786 59.97653021679039 65.20549523474088 71.00852707869076 77.33782079406997 84.13029041749449 91.31001718883816 98.79119577280046 106.4814641542958 114.28548798255751 122.10866026436001 129.86077283018932 137.45951709292802 144.83367824294552 151.92589892088293 158.69490511657438 165.1171079125389 171.1875189122298 176.91994382751034]
638581
4.2668013

Beta: 0.0001
T_0: 1.0e6

[62.23256204693886 62.007460879351484 61.78690721009921 61.570901039182026 61.35944236659998 61.152531192352996 60.95016751644114 60.75235133886437 60.55908265962271 60.37036147871614 60.18618779614468 60.006561611908324 59.83148292600706 59.660951738440914 59.494968049209845 59.33353185831388 59.17664316575302 59.024301971527265 58.876508275636596 58.73326207808105 58.59456337886058 58.460412177975215 58.330808475424945 58.205752271209775 58.085243565329705 57.96928235778473 57.85786864857486 57.75100243770009 57.64868372516041 57.550912510955825 57.45768879508635 57.369012577551956 57.28488385835267 57.20530263748848 57.13026891495939 57.05978269076539 56.99384396490649 56.93245273738268 56.875609008193976 56.82331277734037 56.775564044821856 56.73236281063844 56.693709074790114 56.6596028372769 56.63004409809877 56.60503285725574 56.58456911474781 56.568652870574965 56.55728412473723 56.55046287723459 56.54818912806704 56.55046287723459 56.55728412473723 56.568652870574965 56.58456911474781 56.60503285725574 56.63004409809877 56.6596028372769 56.693709074790114 56.73236281063844 56.775564044821856 56.82331277734037 56.875609008193976 56.93245273738268 56.99384396490649 57.05978269076539 57.13026891495939 57.20530263748848 57.28488385835267 57.369012577551956 57.45768879508635 57.550912510955825 57.64868372516041 57.75100243770009 57.85786864857486 57.96928235778473 58.085243565329705 58.205752271209775 58.330808475424945 58.460412177975215 58.59456337886058 58.73326207808105 58.876508275636596 59.024301971527265 59.17664316575302 59.33353185831388 59.494968049209845 59.660951738440914 59.83148292600706 60.006561611908324 60.18618779614468 60.37036147871614 60.55908265962271 60.75235133886437 60.95016751644114 61.152531192352996 61.35944236659998 61.570901039182026 61.78690721009921 62.007460879351484 62.23256204693886]
2488998
16.5685492
[177.4408100939816 171.64829190691256 165.51395190021185 159.02604981228674 152.19163163744142 145.03625743741884 137.6030139500873 129.9508501384412 122.15229997793116 114.29068045165471 106.45687299525633 98.74581272525572 91.25282107270309 84.06992349341124 77.28229450250231 70.96496736243861 65.17993553008057 59.973757834553695 55.37575989851725 51.396901282308384 48.0293521134973 45.24679555674005 43.005444439441966 41.245732760768206 39.894616740518025 38.868396517925575 38.07594949737959 37.42225043614156 36.812042292314786 36.15351602721211 35.36185721061615 34.36252242252974 33.09411888341448 31.510776071998656 29.58391771453028 27.303365693087954 24.677733228725216 21.734092150666502 18.51692710505709 15.08641710238124 11.516110787866205 7.890085239627017 4.299698050977209 0.8400581646554466 -2.393648208476816 -5.30983465559786 -7.8240525670540695 -9.862253406423095 -11.363649223258111 -12.28306090620304 -12.592663462916173 -12.28306090620304 -11.363649223258111 -9.862253406423095 -7.8240525670540695 -5.30983465559786 -2.393648208476816 0.8400581646554466 4.299698050977209 7.890085239627017 11.516110787866205 15.08641710238124 18.51692710505709 21.734092150666502 24.677733228725216 27.303365693087954 29.58391771453028 31.510776071998656 33.09411888341448 34.36252242252974 35.36185721061615 36.15351602721211 36.812042292314786 37.42225043614156 38.07594949737959 38.868396517925575 39.894616740518025 41.245732760768206 43.005444439441966 45.24679555674005 48.0293521134973 51.396901282308384 55.37575989851725 59.973757834553695 65.17993553008057 70.96496736243861 77.28229450250231 84.06992349341124 91.25282107270309 98.74581272525572 106.45687299525633 114.29068045165471 122.15229997793116 129.9508501384412 137.6030139500873 145.03625743741884 152.19163163744142 159.02604981228674 165.51395190021185 171.64829190691256 177.4408100939816]
914007
6.0871925
[177.6454069241661 171.8296033378939 165.67017237626357 159.15619189429222 152.29553330653238 145.11455806751525 137.6571011813973 129.982780936397 122.16470004017468 114.28662679977026 106.43976503897265 98.71923730425824 91.22041696584377 84.03525064706653 77.24871278816249 70.93552905548711 65.1572949406065 59.96010065527349 55.37275390568665 51.405669075349465 48.05046564933997 45.28029136463516 43.05085762590395 41.302147261424636 39.96072876852929 38.9425878119272 38.15636679309789 37.5068875738842 36.898821519021055 36.24036534179451 35.4467810132477 34.4436632370004 33.169808496784455 31.57957504700609 29.64464284576125 27.35510556777267 24.719852589538124 21.76622621744497 18.538967376041537 15.098490410430312 11.51855352592819 7.883414692182012 4.2845826792989845 0.8172885051239739 -2.4231866463204357 -5.345185440785343 -7.864208675109491 -9.90617354298938 -11.410270247384187 -12.331306809373983 -12.641451658297308 -12.331306809373983 -11.410270247384187 -9.90617354298938 -7.864208675109491 -5.345185440785343 -2.4231866463204357 0.8172885051239739 4.2845826792989845 7.883414692182012 11.51855352592819 15.098490410430312 18.538967376041537 21.76622621744497 24.719852589538124 27.35510556777267 29.64464284576125 31.57957504700609 33.169808496784455 34.4436632370004 35.4467810132477 36.24036534179451 36.898821519021055 37.5068875738842 38.15636679309789 38.9425878119272 39.96072876852929 41.302147261424636 43.05085762590395 45.28029136463516 48.05046564933997 51.405669075349465 55.37275390568665 59.96010065527349 65.1572949406065 70.93552905548711 77.24871278816249 84.03525064706653 91.22041696584377 98.71923730425824 106.43976503897265 114.28662679977026 122.16470004017468 129.982780936397 137.6571011813973 145.11455806751525 152.29553330653238 159.15619189429222 165.67017237626357 171.8296033378939 177.6454069241661]
1182627
7.8186951

Beta: 0.0001
T_0: 1.0e7

[177.61430524114826 171.77703781442477 165.5811838034334 159.0180469812936 152.0980976116426 144.85057085703048 137.32234545125104 129.57614564468548 121.68813538780681 113.74499702899514 105.84060657456314 98.07243303279459 90.53779994682357 83.33015250689364 76.5354734185406 70.22898499771954 64.47226398545035 59.31087974453864 54.77264642642412 50.866556147034096 47.58243409018466 44.89132876717793 42.7466224640113 41.08581928452418 39.83294220826418 38.901447222876136 38.19754275814597 37.623787103378554 37.08282582749192 36.48112585151429 35.732562951371484 34.76172509078906 33.50680488345452 31.921970242789982 29.97912229199726 27.668973108968288 25.001401968663686 22.005076419132756 18.726352724964432 15.227497852162319 11.584301190986274 7.883167620211737 4.217803409600266 0.6856220742801062 -2.615991963916351 -5.59341859923584 -8.160392882762416 -10.24131375287353 -11.774143747554735 -12.712788478827138 -13.02886460348268 -12.712788478827138 -11.774143747554735 -10.24131375287353 -8.160392882762416 -5.59341859923584 -2.615991963916351 0.6856220742801062 4.217803409600266 7.883167620211737 11.584301190986274 15.227497852162319 18.726352724964432 22.005076419132756 25.001401968663686 27.668973108968288 29.97912229199726 31.921970242789982 33.50680488345452 34.76172509078906 35.732562951371484 36.48112585151429 37.08282582749192 37.623787103378554 38.19754275814597 38.901447222876136 39.83294220826418 41.08581928452418 42.7466224640113 44.89132876717793 47.58243409018466 50.866556147034096 54.77264642642412 59.31087974453864 64.47226398545035 70.22898499771954 76.5354734185406 83.33015250689364 90.53779994682357 98.07243303279459 105.84060657456314 113.74499702899514 121.68813538780681 129.57614564468548 137.32234545125104 144.85057085703048 152.0980976116426 159.0180469812936 165.5811838034334 171.77703781442477 177.61430524114826]
568279
3.7647169
[177.39726137476748 171.60954053611857 165.4802073034581 158.9973686534389 152.1679210034434 145.01728371205402 137.58841679408022 129.9401608087696 122.1449630732043 114.28607806723883 106.45435021525796 98.74470336828817 91.25247264409164 84.06972037459404 77.28167852417451 70.96345505512599 65.17713151678322 59.96936401674475 55.36958028028342 51.38884246932249 48.01941970526836 45.23508681477964 42.99213775398793 41.23107454922397 39.87890648821348 38.85197071365126 38.05916522246188 37.405469337332256 36.79561560830757 36.13777125046023 35.34708685516745 34.34897524148588 33.08199374236772 31.500218544996834 29.575019333172087 27.296165653907313 24.67222225471602 21.73021811449106 18.514601957678128 15.085524614005232 11.516514598853421 7.8916367372518765 4.302243631310443 0.8434455047363827 -2.389565159113791 -5.305192157959036 -7.818975139562977 -9.856853418731458 -11.358027918055292 -12.277310637893196 -12.586870864591232 -12.277310637893196 -11.358027918055292 -9.856853418731458 -7.818975139562977 -5.305192157959036 -2.389565159113791 0.8434455047363827 4.302243631310443 7.8916367372518765 11.516514598853421 15.085524614005232 18.514601957678128 21.73021811449106 24.67222225471602 27.296165653907313 29.575019333172087 31.500218544996834 33.08199374236772 34.34897524148588 35.34708685516745 36.13777125046023 36.79561560830757 37.405469337332256 38.05916522246188 38.85197071365126 39.87890648821348 41.23107454922397 42.99213775398793 45.23508681477964 48.01941970526836 51.38884246932249 55.36958028028342 59.96936401674475 65.17713151678322 70.96345505512599 77.28167852417451 84.06972037459404 91.25247264409164 98.74470336828817 106.45435021525796 114.28607806723883 122.1449630732043 129.9401608087696 137.58841679408022 145.01728371205402 152.1679210034434 158.9973686534389 165.4802073034581 171.60954053611857 177.39726137476748]
514151
3.3833132
[177.42282249230416 171.6182507082454 165.4702916706449 158.9678842800688 152.11875667080278 144.9491281225007 137.50269773435792 129.83895887049917 122.03090439151535 114.16221118562243 106.3240125971937 98.61138324610505 91.11967182480225 83.94082332390613 77.15983254485351 70.85146569410463 65.07737651308095 59.88372817998189 55.2994127111182 51.3349365427116 47.9820152783299 45.213893233291984 42.98637545062578 41.239532381828255 39.900011479748734 38.883866541222986 38.09979566649605 37.452662941380154 36.84716800441358 36.19152195703958 35.40098783021922 34.401149045141125 33.13077979750981 31.544206649401755 29.613070237756048 27.32741914715367 24.696093754211315 21.746385237997973 18.52298290907558 15.0862504606087 11.509897629724843 7.878137077405821 4.282436151302086 0.8179888219354716 -2.419956123791068 -5.339769003454321 -7.856973564455119 -9.89750538842264 -11.400568692024839 -12.320981332125957 -12.630917564131778 -12.320981332125957 -11.400568692024839 -9.89750538842264 -7.856973564455119 -5.339769003454321 -2.419956123791068 0.8179888219354716 4.282436151302086 7.878137077405821 11.509897629724843 15.0862504606087 18.52298290907558 21.746385237997973 24.696093754211315 27.32741914715367 29.613070237756048 31.544206649401755 33.13077979750981 34.401149045141125 35.40098783021922 36.19152195703958 36.84716800441358 37.452662941380154 38.09979566649605 38.883866541222986 39.900011479748734 41.239532381828255 42.98637545062578 45.213893233291984 47.9820152783299 51.3349365427116 55.2994127111182 59.88372817998189 65.07737651308095 70.85146569410463 77.15983254485351 83.94082332390613 91.11967182480225 98.61138324610505 106.3240125971937 114.16221118562243 122.03090439151535 129.83895887049917 137.50269773435792 144.9491281225007 152.11875667080278 158.9678842800688 165.4702916706449 171.6182507082454 177.42282249230416]
1164738
7.7111252

Beta: 1.0e-5
T_0: 1000.0

[177.30928949898885 171.51223459141997 165.37482759639337 158.8856121832384 152.05183749597236 144.89917826299643 137.4707434927915 129.825412030013 122.03555923634447 114.18426256922444 106.36209395140982 98.66362277832822 91.18376458255194 84.01411633387576 77.23941986948321 70.93429000160613 65.16033363081104 59.963771096284034 55.373651603079594 51.400731628877594 48.037059615111616 45.2562829775846 43.01466558285524 41.25277640552133 39.89778416713008 38.86626936044254 38.06744508646522 37.40666234734566 36.78906445536031 36.12324946083969 35.32479919223548 34.31953865170305 33.046399920529815 31.45977999869279 29.531301542075123 27.250908515076702 24.627254455335876 21.687368359619533 18.47561109106371 15.051962601008599 11.489706095988119 7.8725985644714935 4.291636909639955 0.8415445482053321 -2.3828858718992194 -5.290452426856526 -7.797065234018506 -9.828993172209707 -11.325710649026313 -12.242234501110598 -12.550860799401805 -12.242234501110598 -11.325710649026313 -9.828993172209707 -7.797065234018506 -5.290452426856526 -2.3828858718992194 0.8415445482053321 4.291636909639955 7.8725985644714935 11.489706095988119 15.051962601008599 18.47561109106371 21.687368359619533 24.627254455335876 27.250908515076702 29.531301542075123 31.45977999869279 33.046399920529815 34.31953865170305 35.32479919223548 36.12324946083969 36.78906445536031 37.40666234734566 38.06744508646522 38.86626936044254 39.89778416713008 41.25277640552133 43.01466558285524 45.2562829775846 48.037059615111616 51.400731628877594 55.373651603079594 59.963771096284034 65.16033363081104 70.93429000160613 77.23941986948321 84.01411633387576 91.18376458255194 98.66362277832822 106.36209395140982 114.18426256922444 122.03555923634447 129.825412030013 137.4707434927915 144.89917826299643 152.05183749597236 158.8856121832384 165.37482759639337 171.51223459141997 177.30928949898885]
2711947
17.9919976
[177.4196351547867 171.59640975050232 165.42282981633232 158.88922504190373 152.00486011312108 144.79757851651314 137.31273205204818 129.6114372107516 121.76822545365896 113.86817773097069 106.00365340909566 98.27073936745508 90.76555578508457 83.58056064697931 76.80099504934086 70.50160596958652 64.74377249959255 59.5731460285118 55.0178951023178 51.08762243908434 47.77299573717342 45.04610647045602 42.861542876154516 41.15813588249015 39.86131085127015 38.88595471883047 38.139688303621874 37.52641797116916 36.95003010727838 36.318086359162365 35.545377575563506 34.5571998084175 33.292226425387454 31.704865910096387 29.767014700710558 27.46913767621872 24.820634749380748 21.849479472072765 18.601143547464172 15.1368485978123 11.53121240153653 7.869380093633025 4.243750625125631 0.7504243379476754 -2.5144917660413335 -5.458579012092947 -7.996660235986022 -10.054074556016015 -11.569547829722893 -12.497548436068547 -12.81003781125901 -12.497548436068547 -11.569547829722893 -10.054074556016015 -7.996660235986022 -5.458579012092947 -2.5144917660413335 0.7504243379476754 4.243750625125631 7.869380093633025 11.53121240153653 15.1368485978123 18.601143547464172 21.849479472072765 24.820634749380748 27.46913767621872 29.767014700710558 31.704865910096387 33.292226425387454 34.5571998084175 35.545377575563506 36.318086359162365 36.95003010727838 37.52641797116916 38.139688303621874 38.88595471883047 39.86131085127015 41.15813588249015 42.861542876154516 45.04610647045602 47.77299573717342 51.08762243908434 55.0178951023178 59.5731460285118 64.74377249959255 70.50160596958652 76.80099504934086 83.58056064697931 90.76555578508457 98.27073936745508 106.00365340909566 113.86817773097069 121.76822545365896 129.6114372107516 137.31273205204818 144.79757851651314 152.00486011312108 158.88922504190373 165.42282981633232 171.59640975050232 177.4196351547867]
5746821
38.3037588
[177.66510850905237 171.83007641068318 165.64726476895336 159.1068914630564 152.21803056005206 145.00826333060485 137.52261748655184 129.82183543672215 121.98003816305238 114.08187456320076 106.21926589458432 98.48787052693562 90.98340496733148 83.79796264927306 77.01647206344477 70.71343044873284 64.9500386641781 59.771847433315756 55.20700548521659 51.26517696787783 47.9371697697313 45.19528904384087 42.99440233842248 41.273675369271636 39.95891167713426 38.96540618790789 38.20120292913439 37.57063161255321 36.97798706746404 36.331210015650726 35.54542762702742 34.54621768793972 33.27247084377866 31.678740835422214 29.736992340545346 27.437679198658323 24.790111551856842 21.822097781226066 18.578875009853366 15.121369304790214 11.5238524897605 7.8710856864738465 4.255059442573646 0.7714558193339995 -2.4840314944846322 -5.419377515969108 -7.949765204719733 -10.000847485508395 -11.511606601101805 -12.436700825913858 -12.748208287005394 -12.436700825913858 -11.511606601101805 -10.000847485508395 -7.949765204719733 -5.419377515969108 -2.4840314944846322 0.7714558193339995 4.255059442573646 7.8710856864738465 11.5238524897605 15.121369304790214 18.578875009853366 21.822097781226066 24.790111551856842 27.437679198658323 29.736992340545346 31.678740835422214 33.27247084377866 34.54621768793972 35.54542762702742 36.331210015650726 36.97798706746404 37.57063161255321 38.20120292913439 38.96540618790789 39.95891167713426 41.273675369271636 42.99440233842248 45.19528904384087 47.9371697697313 51.26517696787783 55.20700548521659 59.771847433315756 64.9500386641781 70.71343044873284 77.01647206344477 83.79796264927306 90.98340496733148 98.48787052693562 106.21926589458432 114.08187456320076 121.98003816305238 129.82183543672215 137.52261748655184 145.00826333060485 152.21803056005206 159.1068914630564 165.64726476895336 171.83007641068318 177.66510850905237]
3909765
26.0765245

Beta: 1.0e-5
T_0: 10000.0

[177.75487418840262 171.94886061316913 165.7913838770411 159.27158990837418 152.39770507449214 145.19671913806022 137.71334507358605 130.00829583252022 122.15594447039773 114.24145781461256 106.35751414085097 98.60073135899403 91.06794336569027 83.85246807281307 77.04051094182222 70.70784263135438 64.91687880139632 59.71427461822036 55.12912666755347 51.17185157423411 47.83378454623085 45.087513315114016 42.88793460293562 41.17399239937251 39.8710310559967 38.89367250972485 38.14910674728006 37.54066869652959 36.97156369152012 36.34859793199477 35.585770165912606 34.60758617155765 33.35196829950347 31.77264794080937 29.840948715944233 27.546891660406448 24.89957981331507 21.926847386920933 18.674187038053606 15.202996584332421 11.588212736658349 7.91542304365849 4.277567353657512 0.771355919505454 -2.5064578077174198 -5.46280604982605 -8.011893527112992 -10.07850400233992 -11.600899109189866 -12.533197744520825 -12.847144322831545 -12.533197744520825 -11.600899109189866 -10.07850400233992 -8.011893527112992 -5.46280604982605 -2.5064578077174198 0.771355919505454 4.277567353657512 7.91542304365849 11.588212736658349 15.202996584332421 18.674187038053606 21.926847386920933 24.89957981331507 27.546891660406448 29.840948715944233 31.77264794080937 33.35196829950347 34.60758617155765 35.585770165912606 36.34859793199477 36.97156369152012 37.54066869652959 38.14910674728006 38.89367250972485 39.8710310559967 41.17399239937251 42.88793460293562 45.087513315114016 47.83378454623085 51.17185157423411 55.12912666755347 59.71427461822036 64.91687880139632 70.70784263135438 77.04051094182222 83.85246807281307 91.06794336569027 98.60073135899403 106.35751414085097 114.24145781461256 122.15594447039773 130.00829583252022 137.71334507358605 145.19671913806022 152.39770507449214 159.27158990837418 165.7913838770411 171.94886061316913 177.75487418840262]
5237316
35.0198336
[64.7033238695297 67.71747756838232 70.37579455965246 72.66190298842402 74.56158753451335 76.0628708783413 77.1560823419326 77.83391331025165 78.09145911600793 77.92624714785212 77.33825102054153 76.32989072616446 74.90601876546431 73.07389233873246 70.84313175555445 68.22566530205582 65.23566088120606 61.88944481823251 58.20540829639424 54.20390195907546 49.90711928287148 45.33896938918931 40.524940023894736 35.491951490035675 30.26820237059751 24.883007925881316 19.366632091040195 13.750114037016266 8.065090288729985 2.3436134195666365 -3.3820316377904396 -9.079512612821475 -14.716635189551688 -20.26152750856429 -25.682822820687356 -30.94983924644639 -36.03275561012014 -40.90278234154506 -45.532326465817576 -49.89514973531183 -53.96651899818515 -57.723347941013344 -61.144329393906766 -64.21005743936834 -66.9031386253304 -69.20829164504435 -71.11243491245861 -72.60476153126251 -73.67680122794388 -74.32246889396178 -74.5380994587789 -74.32246889396178 -73.67680122794388 -72.60476153126251 -71.11243491245861 -69.20829164504435 -66.9031386253304 -64.21005743936834 -61.144329393906766 -57.723347941013344 -53.96651899818515 -49.89514973531183 -45.532326465817576 -40.90278234154506 -36.03275561012014 -30.94983924644639 -25.682822820687356 -20.26152750856429 -14.716635189551688 -9.079512612821475 -3.3820316377904396 2.3436134195666365 8.065090288729985 13.750114037016266 19.366632091040195 24.883007925881316 30.26820237059751 35.491951490035675 40.524940023894736 45.33896938918931 49.90711928287148 54.20390195907546 58.20540829639424 61.88944481823251 65.23566088120606 68.22566530205582 70.84313175555445 73.07389233873246 74.90601876546431 76.32989072616446 77.33825102054153 77.92624714785212 78.09145911600793 77.83391331025165 77.1560823419326 76.0628708783413 74.56158753451335 72.66190298842402 70.37579455965246 67.71747756838232 64.7033238695297]
25428007
167.702375
[177.043249262255 171.29263508766104 165.19662029531887 158.74261853512118 151.937017555996 144.80493204956377 137.38923190640688 129.74888348382964 121.9566680651542 114.09636578867939 106.25951400608696 98.5418654970729 91.03968357938284 83.84601746515129 77.04710197813077 70.71902093490549 64.92476329134475 59.71178595859394 55.110177588719566 51.13149437726126 47.768312928101864 44.994517481316414 42.76631039051051 41.023906752013026 39.69384761691774 38.691842282611056 37.92602968914997 37.300532729742436 36.71916795112903 36.08916710708034 35.32476657006475 34.350525718314614 33.10424590275478 31.539377052263546 29.62681880035262 27.356046443628976 24.735518166179805 21.792347773455447 18.571255598310664 15.132838171000556 11.551223603497355 7.911203406519058 4.30495171578592 0.8284588679183998 -2.422182681024612 -5.3544963882401255 -7.883199749079709 -9.933504068473205 -11.444008203318507 -12.369074310452685 -12.680593677185804 -12.369074310452685 -11.444008203318507 -9.933504068473205 -7.883199749079709 -5.3544963882401255 -2.422182681024612 0.8284588679183998 4.30495171578592 7.911203406519058 11.551223603497355 15.132838171000556 18.571255598310664 21.792347773455447 24.735518166179805 27.356046443628976 29.62681880035262 31.539377052263546 33.10424590275478 34.350525718314614 35.32476657006475 36.08916710708034 36.71916795112903 37.300532729742436 37.92602968914997 38.691842282611056 39.69384761691774 41.023906752013026 42.76631039051051 44.994517481316414 47.768312928101864 51.13149437726126 55.110177588719566 59.71178595859394 64.92476329134475 70.71902093490549 77.04710197813077 83.84601746515129 91.03968357938284 98.5418654970729 106.25951400608696 114.09636578867939 121.9566680651542 129.74888348382964 137.38923190640688 144.80493204956377 151.937017555996 158.74261853512118 165.19662029531887 171.29263508766104 177.043249262255]
2168641
14.617276

Beta: 1.0e-5
T_0: 100000.0

[177.41895123181305 171.56794095184694 165.37806229033296 158.8398600088431 151.96237289684365 144.772786253077 137.31538667949852 129.64985937331068 121.848993381914 113.99588304790895 106.18073324154922 98.4973912113497 91.03973839446934 83.89808091261673 77.15567752980344 70.88553856320338 65.14761882089648 59.986512490959 55.42973860758733 51.486683013753286 48.148237499252645 45.38714998837758 43.15907231338313 41.40426528950163 40.049895535682744 39.012835734099866 38.20286066552002 37.52611614105376 36.88872745861873 36.200408648087304 35.377933738749896 34.34833658764257 33.05171624341325 31.443539986577502 29.49635550008138 27.200846341541773 24.56619013692016 21.619705723989433 18.405802812034953 14.984274540723337 11.427998584932372 7.8201351922604845 4.2509298815878145 0.8142437308578121 -2.396055344253803 -5.289701574564372 -7.783501828175956 -9.804534176231044 -11.2929515568587 -12.204282743515568 -12.511142151301325 -12.204282743515568 -11.2929515568587 -9.804534176231044 -7.783501828175956 -5.289701574564372 -2.396055344253803 0.8142437308578121 4.2509298815878145 7.8201351922604845 11.427998584932372 14.984274540723337 18.405802812034953 21.619705723989433 24.56619013692016 27.200846341541773 29.49635550008138 31.443539986577502 33.05171624341325 34.34833658764257 35.377933738749896 36.200408648087304 36.88872745861873 37.52611614105376 38.20286066552002 39.012835734099866 40.049895535682744 41.40426528950163 43.15907231338313 45.38714998837758 48.148237499252645 51.486683013753286 55.42973860758733 59.986512490959 65.14761882089648 70.88553856320338 77.15567752980344 83.89808091261673 91.03973839446934 98.4973912113497 106.18073324154922 113.99588304790895 121.848993381914 129.64985937331068 137.31538667949852 144.772786253077 151.96237289684365 158.8398600088431 165.37806229033296 171.56794095184694 177.41895123181305]
3344118
22.4264387
[177.38578572387715 171.55490236204312 165.37524005606534 158.83737618466617 151.950744184273 144.74327103167371 137.26030403880455 129.56286820179025 121.72532107257564 113.83249527410052 105.9764384690599 98.25287606217259 90.75753257049709 83.58245302785919 76.81246578814147 70.52192265811912 64.7718416333777 59.607562038997884 55.05700218552358 51.12958649676846 47.815883338821955 45.08796746811838 42.9004931700672 41.192436848613994 39.88944210077694 38.90667715738604 38.15209488144444 37.52997004569734 36.944577955500215 36.303873051163514 35.52302612495073 34.52768422099836 33.25682794356675 31.665116370171116 29.72462945700106 27.425940977712465 24.77848076369787 21.810172325278614 18.566359779694366 15.10806532291804 11.509644208917383 7.855927353078457 4.238961366665222 0.7544712994273165 -2.5018179764176836 -5.437860375380256 -7.968825835883166 -10.020360252997259 -11.531442830853072 -12.45673104958457 -12.768303132118017 -12.45673104958457 -11.531442830853072 -10.020360252997259 -7.968825835883166 -5.437860375380256 -2.5018179764176836 0.7544712994273165 4.238961366665222 7.855927353078457 11.509644208917383 15.10806532291804 18.566359779694366 21.810172325278614 24.77848076369787 27.425940977712465 29.72462945700106 31.665116370171116 33.25682794356675 34.52768422099836 35.52302612495073 36.303873051163514 36.944577955500215 37.52997004569734 38.15209488144444 38.90667715738604 39.88944210077694 41.192436848613994 42.9004931700672 45.08796746811838 47.815883338821955 51.12958649676846 55.05700218552358 59.607562038997884 64.7718416333777 70.52192265811912 76.81246578814147 83.58245302785919 90.75753257049709 98.25287606217259 105.9764384690599 113.83249527410052 121.72532107257564 129.56286820179025 137.26030403880455 144.74327103167371 151.950744184273 158.83737618466617 165.37524005606534 171.55490236204312 177.38578572387715]
3051292
20.7248864
[177.73341842661387 171.97922649263415 165.87402877065978 159.40474295672288 152.57752759720074 145.4175436357614 137.9679802055857 130.28838238724572 122.45234567990435 114.54466645364319 106.65805871478105 98.88956430780227 91.33679554757053 84.0941557634306 77.24918409219062 70.87916604610054 65.04814109140976 59.80442310121288 55.1787296882885 51.182992848381865 47.809896964691525 45.033162061585834 42.80856134023735 41.075633598150304 39.760024229369414 38.77636416400288 38.031575277323704 37.42847428613558 36.86953559295262 36.26066738427728 35.51485477601052 34.55552894692112 33.31953181048748 31.759561435869397 29.84600353362883 27.568078092817974 24.934256772737754 21.971934888359232 18.726370689808057 15.258933006022875 11.644725102126356 7.969676752521895 4.327217121845462 0.8146572766773033 -2.470577606292929 -5.434720450344169 -7.991292850643689 -10.064453435738933 -11.591934373242514 -12.52745232101095 -12.842500474080454 -12.52745232101095 -11.591934373242514 -10.064453435738933 -7.991292850643689 -5.434720450344169 -2.470577606292929 0.8146572766773033 4.327217121845462 7.969676752521895 11.644725102126356 15.258933006022875 18.726370689808057 21.971934888359232 24.934256772737754 27.568078092817974 29.84600353362883 31.759561435869397 33.31953181048748 34.55552894692112 35.51485477601052 36.26066738427728 36.86953559295262 37.42847428613558 38.031575277323704 38.77636416400288 39.760024229369414 41.075633598150304 42.80856134023735 45.033162061585834 47.809896964691525 51.182992848381865 55.1787296882885 59.80442310121288 65.04814109140976 70.87916604610054 77.24918409219062 84.0941557634306 91.33679554757053 98.88956430780227 106.65805871478105 114.54466645364319 122.45234567990435 130.28838238724572 137.9679802055857 145.4175436357614 152.57752759720074 159.40474295672288 165.87402877065978 171.97922649263415 177.73341842661387]
4192784
27.9939661

Beta: 1.0e-5
T_0: 1.0e6

[176.5133410182822 170.7760146676992 164.69802632236906 158.26667917312037 151.48806884252954 144.3868474105019 137.00526908020828 129.40155442866828 121.64763656530138 113.82637644937466 106.02835516733836 98.34836734771682 90.88175146090461 83.72069906568454 76.95068587934608 70.64716283220301 64.87263520278334 59.674242906527084 55.08193561013591 51.10731331674032 47.743177305288775 44.96380880823806 42.725964639343594 40.97055122870023 39.62491225959627 38.605641347933656 37.821810879449494 37.178492009644366 36.58042955976998 35.93572954591888 35.15941658914817 34.17672349181324 32.925985633642014 31.36102813937918 29.452953405695276 27.19125978842384 24.58424814337888 21.65870048270106 18.458843186622115 15.044634906912231 11.489445440877445 7.877215431602897 4.2992068484326635 0.8504700434562634 -2.3738358483000868 -5.282126719900915 -7.789938906641427 -9.823198952837034 -11.32109115168363 -12.238411849668518 -12.54731937543616 -12.238411849668518 -11.32109115168363 -9.823198952837034 -7.789938906641427 -5.282126719900915 -2.3738358483000868 0.8504700434562634 4.2992068484326635 7.877215431602897 11.489445440877445 15.044634906912231 18.458843186622115 21.65870048270106 24.58424814337888 27.19125978842384 29.452953405695276 31.36102813937918 32.925985633642014 34.17672349181324 35.15941658914817 35.93572954591888 36.58042955976998 37.178492009644366 37.821810879449494 38.605641347933656 39.62491225959627 40.97055122870023 42.725964639343594 44.96380880823806 47.743177305288775 51.10731331674032 55.08193561013591 59.674242906527084 64.87263520278334 70.64716283220301 76.95068587934608 83.72069906568454 90.88175146090461 98.34836734771682 106.02835516733836 113.82637644937466 121.64763656530138 129.40155442866828 137.00526908020828 144.3868474105019 151.48806884252954 158.26667917312037 164.69802632236906 170.7760146676992 176.5133410182822]
4646884
31.3145114
[177.12255371955055 171.41621750183148 165.3592673814117 158.937523263054 152.1561009304874 145.03921351284663 137.62923182052506 129.98504001691006 122.17975043922861 114.29786625179405 106.43200204354395 98.67928963705953 91.13760859258615 83.90178769381566 77.05992482835008 70.6899680810465 64.85669072137323 59.60917747955868 54.9789196642539 50.978593046462656 47.60156593766893 44.82215655269273 42.596629669527104 40.8648939077236 39.552833757283864 38.5751858565954 37.838847896655054 37.24649173951302 36.70034053287042 36.105963238388966 35.37593931553538 34.43325134169503 33.21427390764943 31.671242795211512 29.77410861307903 27.511702954910717 24.892171823325942 21.942659499478452 18.708255126622795 15.250242888682658 11.643723690992944 7.974700641103479 4.336741436460976 0.8273471851506223 -2.455831421336414 -5.418783740360985 -7.974787547234839 -10.04777455507219 -11.575282476165011 -12.510879061148076 -12.8259640437466 -12.510879061148076 -11.575282476165011 -10.04777455507219 -7.974787547234839 -5.418783740360985 -2.455831421336414 0.8273471851506223 4.336741436460976 7.974700641103479 11.643723690992944 15.250242888682658 18.708255126622795 21.942659499478452 24.892171823325942 27.511702954910717 29.77410861307903 31.671242795211512 33.21427390764943 34.43325134169503 35.37593931553538 36.105963238388966 36.70034053287042 37.24649173951302 37.838847896655054 38.5751858565954 39.552833757283864 40.8648939077236 42.596629669527104 44.82215655269273 47.60156593766893 50.978593046462656 54.9789196642539 59.60917747955868 64.85669072137323 70.6899680810465 77.05992482835008 83.90178769381566 91.13760859258615 98.67928963705953 106.43200204354395 114.29786625179405 122.17975043922861 129.98504001691006 137.62923182052506 145.03921351284663 152.1561009304874 158.937523263054 165.3592673814117 171.41621750183148 177.12255371955055]
6621840
44.7828216
[177.11679399534256 171.36323605525794 165.26451869109812 158.8080413024728 152.00017179676897 144.8660001907862 137.4483677833062 129.8062094635841 122.01227329810685 114.15030563336342 106.3118106337214 98.5925096399933 91.08863734957174 83.89321813286138 77.0924665693368 70.76245148017185 64.96615253847985 59.75102334812185 55.14715528471024 51.16611314673253 47.80048766986326 45.02418221935843 42.79342256732633 41.04845068278331 39.71583699537508 38.71132166252328 37.94307490069173 37.31525022622998 36.7316931174875 36.09966159610011 35.33341476408523 34.35753044272134 33.10982354124766 31.543752232678568 29.630218832710227 27.358695698925448 24.737632585004725 21.794129687872676 18.572889038815163 15.134484813210852 11.553019487110996 7.913256532819555 4.307340600299671 0.8312320929618675 -2.4190059024414645 -5.3509246591363855 -7.879267000412647 -9.929266221506335 -11.439539095534107 -12.364461022168404 -12.675931415585739 -12.364461022168404 -11.439539095534107 -9.929266221506335 -7.879267000412647 -5.3509246591363855 -2.4190059024414645 0.8312320929618675 4.307340600299671 7.913256532819555 11.553019487110996 15.134484813210852 18.572889038815163 21.794129687872676 24.737632585004725 27.358695698925448 29.630218832710227 31.543752232678568 33.10982354124766 34.35753044272134 35.33341476408523 36.09966159610011 36.7316931174875 37.31525022622998 37.94307490069173 38.71132166252328 39.71583699537508 41.04845068278331 42.79342256732633 45.02418221935843 47.80048766986326 51.16611314673253 55.14715528471024 59.75102334812185 64.96615253847985 70.76245148017185 77.0924665693368 83.89321813286138 91.08863734957174 98.5925096399933 106.3118106337214 114.15030563336342 122.01227329810685 129.8062094635841 137.4483677833062 144.8660001907862 152.00017179676897 158.8080413024728 165.26451869109812 171.36323605525794 177.11679399534256]
4210803
28.0562372

Beta: 1.0e-5
T_0: 1.0e7

[176.97816613082045 171.20098915785917 165.08783313385007 158.62655556319174 151.82360308927844 144.70376216502095 137.3092004154399 129.69783576847797 121.9410964292589 114.12115833278732 106.32776691889808 98.65476615014265 91.19646901572457 84.04400989546659 77.28181985921513 70.9843612225318 65.21324765253813 60.01486120629954 55.41855846484048 51.43553514210163 48.05839308106554 45.2614263838479 43.00161560942515 41.220291587559096 39.84540449944168 38.7943104664795 37.976967873437985 37.29941980541671 36.66742791242257 35.990117158672774 35.1834904928466 34.17367750634087 32.89979143492053 31.31628400673843 29.39470706095918 27.124812804869027 24.514950156081397 21.59174184095844 18.3990547377565 14.996303287339154 11.456151588538082 7.861703051570017 4.3032863021132615 0.874961643948073 -2.329116804266273 -5.218342600577593 -7.709161261886587 -9.72830180550632 -11.215610567493666 -12.126377697384834 -12.433066350151043 -12.126377697384834 -11.215610567493666 -9.72830180550632 -7.709161261886587 -5.218342600577593 -2.329116804266273 0.874961643948073 4.3032863021132615 7.861703051570017 11.456151588538082 14.996303287339154 18.3990547377565 21.59174184095844 24.514950156081397 27.124812804869027 29.39470706095918 31.31628400673843 32.89979143492053 34.17367750634087 35.1834904928466 35.990117158672774 36.66742791242257 37.29941980541671 37.976967873437985 38.7943104664795 39.84540449944168 41.220291587559096 43.00161560942515 45.2614263838479 48.05839308106554 51.43553514210163 55.41855846484048 60.01486120629954 65.21324765253813 70.9843612225318 77.28181985921513 84.04400989546659 91.19646901572457 98.65476615014265 106.32776691889808 114.12115833278732 121.9410964292589 129.69783576847797 137.3092004154399 144.70376216502095 151.82360308927844 158.62655556319174 165.08783313385007 171.20098915785917 176.97816613082045]
1858645
12.4156263
[176.9100849009632 171.17818530495333 165.10107091140392 158.66555103932112 151.87744652735898 144.76136422556394 137.35974368808107 129.731212999457 121.94831743232447 114.09470893177107 106.26190531016275 98.5457447060359 91.04267266703481 83.84600570077377 77.04231604959422 70.70807774854114 64.90670390340543 59.68608996934369 55.07675820714556 51.09067520383157 47.72078826864442 44.94129866514711 42.70866109401413 40.96327070502058 39.6317722807597 38.629902130758325 37.86575259666414 37.24333269653561 36.66628696331975 36.04162840412362 35.28334095954937 34.31571189833558 33.076265045225114 31.51818120422886 29.612112006407106 27.34731691089424 24.732079309998035 21.793385617820828 18.575879775003813 15.140133673691402 11.56030050911675 7.92124197058335 4.31524056888953 0.8384244696962808 -2.4129566596986334 -5.346260510747172 -7.876041239402284 -9.927359769748072 -11.438687049246557 -12.364287779020266 -12.675992269787288 -12.364287779020266 -11.438687049246557 -9.927359769748072 -7.876041239402284 -5.346260510747172 -2.4129566596986334 0.8384244696962808 4.31524056888953 7.92124197058335 11.56030050911675 15.140133673691402 18.575879775003813 21.793385617820828 24.732079309998035 27.34731691089424 29.612112006407106 31.51818120422886 33.076265045225114 34.31571189833558 35.28334095954937 36.04162840412362 36.66628696331975 37.24333269653561 37.86575259666414 38.629902130758325 39.6317722807597 40.96327070502058 42.70866109401413 44.94129866514711 47.72078826864442 51.09067520383157 55.07675820714556 59.68608996934369 64.90670390340543 70.70807774854114 77.04231604959422 83.84600570077377 91.04267266703481 98.5457447060359 106.26190531016275 114.09470893177107 121.94831743232447 129.731212999457 137.35974368808107 144.76136422556394 151.87744652735898 158.66555103932112 165.10107091140392 171.17818530495333 176.9100849009632]
2268156
15.1084261
[177.14905963164335 171.3887260871518 165.28337928543272 158.82064492346368 152.0070947068103 144.86799218398556 137.44631565976502 129.80109597701926 122.00513345459785 114.14218228040254 106.30371125536172 98.58536616895952 91.08327062660109 83.89030839708799 77.0925310632044 70.76582991222098 64.97300078344703 59.76131539205333 55.16069306003778 51.182543564009855 47.81932585352402 45.044839706860735 42.81523904424965 41.07072770788584 39.73787212317536 38.732441397302104 37.96266501217414 37.33278211803152 36.74674515612401 36.11193457007385 35.3427409366762 34.363875974541855 33.1132843748404 31.544543836905817 29.628660485527877 27.355190230818984 24.732642701222908 21.7881521272531 18.566427904779058 15.128025425612526 11.54700405231731 7.908062816823456 4.303264621849622 0.8284756391004747 -2.420342386816118 -5.350843530825656 -7.877869235291471 -9.926741881093601 -11.43615300055065 -12.360534428383916 -12.671820684682126 -12.360534428383916 -11.43615300055065 -9.926741881093601 -7.877869235291471 -5.350843530825656 -2.420342386816118 0.8284756391004747 4.303264621849622 7.908062816823456 11.54700405231731 15.128025425612526 18.566427904779058 21.7881521272531 24.732642701222908 27.355190230818984 29.628660485527877 31.544543836905817 33.1132843748404 34.363875974541855 35.3427409366762 36.11193457007385 36.74674515612401 37.33278211803152 37.96266501217414 38.732441397302104 39.73787212317536 41.07072770788584 42.81523904424965 45.044839706860735 47.81932585352402 51.182543564009855 55.16069306003778 59.76131539205333 64.97300078344703 70.76582991222098 77.0925310632044 83.89030839708799 91.08327062660109 98.58536616895952 106.30371125536172 114.14218228040254 122.00513345459785 129.80109597701926 137.44631565976502 144.86799218398556 152.0070947068103 158.82064492346368 165.28337928543272 171.3887260871518 177.14905963164335]
5467108
35.9038014
